1,2,3,4,5,6,7,8,9,10,11,12,13,14,15,16,17,18,19,20,labels
0.042410713,0.09151786,0.04017857,0.015625,0.015625,0.02232143,0.02232143,0.08258928,0.12053572,0.07366072,0.05357143,0.05357143,0.017857144,0.035714287,0.11160714,0.03348214,0.02232143,0.06026786,0.020089285,0.06473214,1.0
0.05027933,0.17318435,0.08938547,0.005586592,0.044692736,0.0,0.033519555,0.07821229,0.0726257,0.02793296,0.05027933,0.044692736,0.022346368,0.011173184,0.039106146,0.08938547,0.022346368,0.07821229,0.022346368,0.044692736,1.0
0.081196584,0.054131053,0.06267806,0.042735044,0.032763533,0.008547009,0.02991453,0.08262108,0.081196584,0.045584045,0.054131053,0.054131053,0.00997151,0.021367522,0.061253563,0.05982906,0.03846154,0.09116809,0.03133903,0.05698006,1.0
0.0952381,0.05764411,0.07769424,0.037593983,0.027568921,0.0025062656,0.025062656,0.09022556,0.075187966,0.042606518,0.04761905,0.07769424,0.0025062656,0.025062656,0.050125312,0.06265664,0.01754386,0.082706764,0.030075189,0.0726817,1.0
0.05685619,0.14046822,0.073578596,0.040133778,0.0100334445,0.006688963,0.016722407,0.07023411,0.08695652,0.040133778,0.05685619,0.036789298,0.016722407,0.013377926,0.08361204,0.04347826,0.036789298,0.08361204,0.02341137,0.06354515,1.0
0.11340206,0.10309278,0.06185567,0.030927835,0.010309278,0.010309278,0.0,0.06185567,0.15463917,0.020618556,0.041237112,0.030927835,0.010309278,0.0,0.05154639,0.041237112,0.13402061,0.06185567,0.010309278,0.05154639,1.0
0.11309524,0.071428575,0.11309524,0.011904762,0.04761905,0.0,0.0,0.0952381,0.041666668,0.04761905,0.05952381,0.05952381,0.0,0.011904762,0.017857144,0.10119048,0.005952381,0.10119048,0.023809524,0.077380955,1.0
0.09003215,0.14790997,0.03858521,0.012861736,0.041800644,0.006430868,0.01607717,0.048231512,0.09003215,0.057877813,0.09003215,0.06109325,0.009646302,0.03858521,0.073954985,0.019292604,0.048231512,0.06430868,0.012861736,0.03215434,1.0
0.08022922,0.09169055,0.068767905,0.06017192,0.020057306,0.0028653296,0.0114613185,0.07736389,0.11461318,0.06017192,0.068767905,0.042979944,0.0057306592,0.028653296,0.06017192,0.045845274,0.034383953,0.054441262,0.025787966,0.045845274,1.0
0.097222224,0.08796296,0.050925925,0.013888889,0.023148147,0.013888889,0.018518519,0.055555556,0.11111111,0.083333336,0.055555556,0.041666668,0.032407407,0.050925925,0.06944445,0.018518519,0.027777778,0.055555556,0.013888889,0.0787037,1.0
0.048076924,0.125,0.067307696,0.048076924,0.048076924,0.0,0.048076924,0.067307696,0.07692308,0.01923077,0.115384616,0.028846154,0.009615385,0.048076924,0.067307696,0.028846154,0.009615385,0.057692308,0.048076924,0.03846154,1.0
0.054711245,0.060790274,0.036474165,0.03343465,0.054711245,0.021276595,0.051671732,0.103343464,0.079027355,0.05775076,0.04863222,0.051671732,0.012158055,0.030395137,0.045592707,0.06382979,0.027355623,0.060790274,0.04255319,0.06382979,1.0
0.080906145,0.084142394,0.0776699,0.009708738,0.025889968,0.006472492,0.003236246,0.08737864,0.15857606,0.045307443,0.048543688,0.055016182,0.003236246,0.019417476,0.048543688,0.029126214,0.045307443,0.074433655,0.055016182,0.042071197,1.0
0.059907835,0.07603686,0.04608295,0.023041476,0.043778803,0.01843318,0.039170507,0.08064516,0.12903225,0.039170507,0.057603687,0.062211983,0.011520738,0.01843318,0.03686636,0.048387095,0.06682028,0.062211983,0.02764977,0.05299539,1.0
0.13402061,0.072164945,0.10309278,0.020618556,0.010309278,0.0,0.010309278,0.10309278,0.072164945,0.020618556,0.06185567,0.030927835,0.0,0.010309278,0.05154639,0.082474224,0.0,0.10309278,0.05154639,0.06185567,1.0
0.08417509,0.11447811,0.047138046,0.030303031,0.037037037,0.01010101,0.01010101,0.05050505,0.08754209,0.07070707,0.057239056,0.05050505,0.013468013,0.033670034,0.074074075,0.037037037,0.043771043,0.08080808,0.026936026,0.04040404,1.0
0.078125,0.1171875,0.046875,0.046875,0.046875,0.0078125,0.015625,0.078125,0.125,0.0234375,0.03125,0.0390625,0.0,0.0,0.03125,0.0859375,0.015625,0.0859375,0.0625,0.0625,1.0
0.054054055,0.10810811,0.06081081,0.013513514,0.027027028,0.0,0.027027028,0.074324325,0.067567565,0.013513514,0.033783782,0.0472973,0.027027028,0.08108108,0.054054055,0.06081081,0.033783782,0.0945946,0.04054054,0.08108108,1.0
0.06403941,0.13793103,0.024630541,0.024630541,0.02955665,0.014778325,0.024630541,0.06403941,0.06896552,0.02955665,0.054187194,0.093596056,0.014778325,0.02955665,0.044334974,0.054187194,0.054187194,0.07881773,0.03448276,0.0591133,1.0
0.06905371,0.06649616,0.061381076,0.040920716,0.025575448,0.012787724,0.0076726344,0.12531969,0.16368286,0.035805628,0.051150896,0.046035804,0.012787724,0.015345269,0.046035804,0.046035804,0.035805628,0.051150896,0.035805628,0.051150896,1.0
0.10837439,0.044334974,0.08374384,0.03448276,0.039408866,0.009852217,0.044334974,0.07881773,0.039408866,0.0591133,0.0591133,0.0591133,0.009852217,0.039408866,0.049261082,0.049261082,0.0,0.06896552,0.07881773,0.044334974,1.0
0.045161292,0.106451616,0.058064517,0.025806451,0.05483871,0.022580646,0.03548387,0.06451613,0.058064517,0.06451613,0.074193545,0.032258064,0.012903226,0.025806451,0.09354839,0.025806451,0.048387095,0.061290324,0.038709678,0.051612902,1.0
0.11313868,0.076642334,0.040145986,0.032846715,0.05109489,0.003649635,0.02189781,0.09489051,0.08759124,0.05109489,0.025547445,0.04379562,0.02189781,0.032846715,0.076642334,0.025547445,0.03649635,0.06569343,0.040145986,0.05839416,1.0
0.048780486,0.09380863,0.06754221,0.026266417,0.04315197,0.020637898,0.028142588,0.060037524,0.09756097,0.045028143,0.039399624,0.061913695,0.009380863,0.022514071,0.05816135,0.048780486,0.046904314,0.07129456,0.046904314,0.06378987,1.0
0.056653492,0.08168643,0.057971016,0.040843215,0.03952569,0.009222661,0.044795785,0.07509881,0.08432148,0.03952569,0.04743083,0.06324111,0.0065876152,0.018445322,0.050065875,0.065876156,0.03952569,0.06324111,0.04611331,0.06982872,1.0
0.09795918,0.07755102,0.04489796,0.036734693,0.04489796,0.020408163,0.03265306,0.093877554,0.036734693,0.024489796,0.03265306,0.053061225,0.024489796,0.04489796,0.057142857,0.06938776,0.020408163,0.08163265,0.036734693,0.06938776,1.0
0.09090909,0.113263786,0.05961252,0.032786883,0.023845008,0.001490313,0.010432191,0.068554394,0.101341285,0.034277197,0.05961252,0.047690015,0.004470939,0.019374069,0.052160952,0.037257824,0.047690015,0.09836066,0.03576751,0.06110283,1.0
0.09152542,0.118644066,0.044067796,0.020338982,0.033898305,0.0,0.023728814,0.0779661,0.13898306,0.054237287,0.050847456,0.050847456,0.0,0.023728814,0.10508475,0.020338982,0.044067796,0.06101695,0.006779661,0.033898305,1.0
0.08,0.14333333,0.04,0.036666665,0.043333333,0.006666667,0.02,0.043333333,0.08,0.05666667,0.04,0.07,0.02,0.05,0.07666667,0.013333334,0.043333333,0.043333333,0.036666665,0.05666667,1.0
0.13061224,0.10204082,0.057142857,0.0040816325,0.01632653,0.012244898,0.024489796,0.114285715,0.09795918,0.036734693,0.040816326,0.04489796,0.012244898,0.01632653,0.057142857,0.040816326,0.057142857,0.04489796,0.020408163,0.06938776,1.0
0.06465517,0.10517241,0.056896552,0.03189655,0.04310345,0.0068965517,0.03362069,0.08103448,0.08793104,0.046551723,0.03965517,0.038793102,0.010344828,0.020689655,0.06724138,0.05,0.03448276,0.07931034,0.027586207,0.07413793,1.0
0.048582997,0.12955466,0.048582997,0.032388665,0.020242915,0.032388665,0.016194332,0.085020244,0.10121457,0.05263158,0.04048583,0.04453441,0.016194332,0.024291499,0.060728744,0.05263158,0.02834008,0.06477733,0.04048583,0.060728744,1.0
0.05922166,0.06937394,0.05752961,0.03891709,0.028764805,0.023688663,0.028764805,0.08967851,0.10829103,0.03891709,0.05922166,0.055837564,0.020304568,0.027072757,0.054145515,0.042301185,0.035532996,0.06768189,0.040609136,0.054145515,1.0
0.07105719,0.102253035,0.045060657,0.03812825,0.032928944,0.008665511,0.03986135,0.06759099,0.11438475,0.032928944,0.027729636,0.050259966,0.006932409,0.024263432,0.055459272,0.057192374,0.046793763,0.08318891,0.032928944,0.06239168,1.0
0.08223684,0.098684214,0.05592105,0.0065789474,0.039473683,0.023026315,0.016447369,0.07236842,0.118421055,0.0756579,0.05592105,0.032894738,0.023026315,0.023026315,0.049342107,0.032894738,0.0625,0.049342107,0.023026315,0.059210528,1.0
0.048275862,0.12068965,0.048275862,0.03448276,0.044827588,0.01724138,0.024137931,0.05862069,0.089655176,0.055172414,0.0862069,0.06896552,0.013793103,0.03448276,0.06896552,0.024137931,0.048275862,0.044827588,0.024137931,0.044827588,1.0
0.059880238,0.105788425,0.051896207,0.01996008,0.029940119,0.023952097,0.043912176,0.08183633,0.08183633,0.03992016,0.059880238,0.0499002,0.005988024,0.029940119,0.077844314,0.0499002,0.031936128,0.065868266,0.025948104,0.063872255,1.0
0.05882353,0.101604275,0.050802138,0.018716577,0.03208556,0.053475935,0.018716577,0.07486631,0.0828877,0.069518715,0.05882353,0.04278075,0.013368984,0.029411765,0.06684492,0.029411765,0.069518715,0.061497327,0.018716577,0.04812834,1.0
0.061452515,0.10055866,0.07821229,0.022346368,0.039106146,0.016759777,0.033519555,0.05027933,0.061452515,0.022346368,0.05586592,0.033519555,0.016759777,0.033519555,0.044692736,0.05586592,0.08938547,0.07821229,0.061452515,0.044692736,1.0
0.0778032,0.12814645,0.032036614,0.027459955,0.029748283,0.0068649887,0.020594966,0.091533184,0.11899313,0.0389016,0.04805492,0.05491991,0.016018307,0.022883296,0.05034325,0.034324944,0.034324944,0.061784897,0.04805492,0.057208236,1.0
0.0675,0.105,0.0625,0.025,0.0325,0.0025,0.0325,0.09,0.105,0.03,0.0625,0.0525,0.015,0.0375,0.0375,0.0575,0.02,0.0725,0.045,0.0475,1.0
0.09366391,0.09366391,0.0661157,0.013774104,0.035812672,0.005509642,0.022038568,0.071625344,0.11294766,0.041322313,0.055096418,0.044077136,0.011019284,0.024793388,0.038567495,0.044077136,0.055096418,0.049586777,0.060606062,0.060606062,1.0
0.06185567,0.11134021,0.045360826,0.032989692,0.039175257,0.016494846,0.02886598,0.068041235,0.09484536,0.055670105,0.06185567,0.032989692,0.012371134,0.018556701,0.055670105,0.07628866,0.026804123,0.08659794,0.022680413,0.05154639,1.0
0.073891625,0.13793103,0.054187194,0.0049261083,0.03448276,0.009852217,0.044334974,0.044334974,0.06403941,0.0591133,0.073891625,0.049261082,0.014778325,0.03448276,0.03448276,0.073891625,0.039408866,0.049261082,0.03448276,0.06896552,1.0
0.070512824,0.12179487,0.057692308,0.025641026,0.044871796,0.0,0.01923077,0.06410257,0.102564104,0.032051284,0.06410257,0.06410257,0.0064102565,0.0064102565,0.032051284,0.070512824,0.044871796,0.07692308,0.03846154,0.057692308,1.0
0.057636887,0.10662824,0.031700287,0.031700287,0.023054754,0.031700287,0.04610951,0.06916427,0.09798271,0.054755043,0.050432276,0.047550432,0.015850144,0.024495678,0.057636887,0.0518732,0.050432276,0.05907781,0.030259365,0.061959654,1.0
0.033962265,0.09056604,0.124528304,0.04528302,0.05283019,0.003773585,0.04528302,0.03018868,0.03773585,0.00754717,0.10566038,0.05283019,0.011320755,0.01509434,0.049056605,0.08301887,0.026415095,0.06792453,0.079245284,0.03773585,1.0
0.08108108,0.08108108,0.06486487,0.027027028,0.016216217,0.0,0.010810811,0.032432433,0.1027027,0.043243244,0.07027027,0.048648648,0.0054054055,0.0,0.09189189,0.08648649,0.032432433,0.075675674,0.027027028,0.1027027,1.0
0.08235294,0.105882354,0.023529412,0.023529412,0.047058824,0.0,0.0,0.07058824,0.105882354,0.023529412,0.07058824,0.11764706,0.0,0.023529412,0.011764706,0.08235294,0.07058824,0.105882354,0.023529412,0.011764706,1.0
0.07712766,0.125,0.039893616,0.021276595,0.023936171,0.005319149,0.005319149,0.09042553,0.14361702,0.01861702,0.050531916,0.06648936,0.0,0.01861702,0.039893616,0.04255319,0.061170213,0.061170213,0.045212764,0.06382979,1.0
0.055555556,0.12962963,0.08024691,0.012345679,0.024691358,0.0,0.0061728396,0.049382716,0.10493827,0.024691358,0.06790123,0.061728396,0.018518519,0.024691358,0.049382716,0.049382716,0.061728396,0.08024691,0.049382716,0.049382716,1.0
0.10107527,0.077419356,0.03655914,0.019354839,0.060215052,0.015053763,0.034408603,0.068817206,0.08817204,0.040860213,0.051612902,0.049462367,0.008602151,0.017204301,0.07311828,0.040860213,0.027956989,0.07956989,0.043010753,0.06666667,1.0
0.094339624,0.12264151,0.06603774,0.03773585,0.018867925,0.0,0.03773585,0.06603774,0.13207547,0.056603774,0.047169812,0.018867925,0.009433962,0.009433962,0.018867925,0.094339624,0.03773585,0.0754717,0.028301887,0.028301887,1.0
0.096885815,0.10034602,0.055363324,0.031141868,0.027681662,0.0034602077,0.024221454,0.065743946,0.14532872,0.034602076,0.048442908,0.034602076,0.0069204154,0.024221454,0.06920415,0.034602076,0.017301038,0.07958478,0.038062282,0.062283736,1.0
0.081743866,0.10354223,0.073569484,0.024523161,0.013623978,0.005449591,0.016348774,0.10354223,0.11989101,0.032697547,0.051771116,0.046321526,0.005449591,0.029972753,0.073569484,0.027247956,0.03814714,0.054495912,0.035422344,0.0626703,1.0
0.088607594,0.12658228,0.025316456,0.025316456,0.03164557,0.0,0.025316456,0.07594936,0.088607594,0.050632913,0.044303797,0.044303797,0.012658228,0.094936706,0.06329114,0.01898734,0.03164557,0.06329114,0.01898734,0.06962025,1.0
0.081871346,0.116959065,0.03508772,0.040935673,0.058479533,0.01754386,0.029239766,0.14035088,0.058479533,0.040935673,0.023391813,0.046783626,0.0116959065,0.0116959065,0.05263158,0.064327486,0.023391813,0.05263158,0.023391813,0.07017544,1.0
0.072649576,0.061965812,0.055555556,0.040598292,0.055555556,0.0042735045,0.034188036,0.072649576,0.10042735,0.051282052,0.06837607,0.044871796,0.0064102565,0.027777778,0.040598292,0.053418804,0.01923077,0.072649576,0.036324788,0.081196584,1.0
0.062809914,0.09421488,0.034710743,0.026446281,0.042975206,0.036363635,0.034710743,0.07438017,0.08429752,0.061157025,0.042975206,0.038016528,0.011570248,0.036363635,0.0661157,0.031404957,0.067768596,0.0446281,0.034710743,0.07438017,1.0
0.13333334,0.11515152,0.084848486,0.018181818,0.030303031,0.0,0.030303031,0.09090909,0.084848486,0.024242423,0.036363635,0.07272727,0.0,0.006060606,0.036363635,0.042424243,0.042424243,0.060606062,0.036363635,0.054545455,1.0
0.06810631,0.096345514,0.061461795,0.018272426,0.03986711,0.009966778,0.03156146,0.096345514,0.07475083,0.048172757,0.049833886,0.046511628,0.028239202,0.009966778,0.07973422,0.051495016,0.03156146,0.069767445,0.021594685,0.06644518,1.0
0.08133971,0.09090909,0.066985644,0.023923445,0.03827751,0.009569378,0.019138755,0.066985644,0.086124405,0.08133971,0.04784689,0.043062203,0.043062203,0.023923445,0.05263158,0.04784689,0.0,0.07177033,0.033492822,0.07177033,1.0
0.056603774,0.094339624,0.08490566,0.018867925,0.047169812,0.018867925,0.047169812,0.028301887,0.047169812,0.028301887,0.056603774,0.06603774,0.0,0.03773585,0.12264151,0.03773585,0.08490566,0.028301887,0.009433962,0.08490566,1.0
0.06537102,0.113074206,0.06713781,0.026501767,0.026501767,0.003533569,0.01590106,0.06890459,0.08303887,0.033568904,0.06713781,0.054770317,0.008833922,0.019434629,0.056537103,0.06007067,0.049469966,0.06890459,0.044169612,0.06713781,1.0
0.06349207,0.1005291,0.074074075,0.026455026,0.026455026,0.01058201,0.01058201,0.04232804,0.11640212,0.04761905,0.07936508,0.06878307,0.015873017,0.04232804,0.04761905,0.02116402,0.04761905,0.06349207,0.04761905,0.04761905,1.0
0.06925676,0.13006757,0.05743243,0.028716216,0.032094594,0.006756757,0.011824325,0.06081081,0.14527027,0.055743244,0.027027028,0.033783782,0.0033783785,0.032094594,0.089527026,0.018581081,0.033783782,0.0777027,0.011824325,0.074324325,1.0
0.025,0.1,0.108333334,0.05,0.041666668,0.0,0.020833334,0.0625,0.054166667,0.025,0.083333336,0.06666667,0.020833334,0.029166667,0.058333334,0.058333334,0.054166667,0.06666667,0.029166667,0.045833334,1.0
0.083333336,0.09259259,0.06481481,0.018518519,0.055555556,0.018518519,0.018518519,0.06481481,0.055555556,0.037037037,0.083333336,0.009259259,0.027777778,0.027777778,0.055555556,0.055555556,0.06481481,0.074074075,0.009259259,0.083333336,1.0
0.037617553,0.122257054,0.037617553,0.031347964,0.043887146,0.015673982,0.05642633,0.06583072,0.10031348,0.05956113,0.04075235,0.05956113,0.02507837,0.018808777,0.05642633,0.02507837,0.05956113,0.053291537,0.02507837,0.06583072,1.0
0.040462427,0.07225434,0.09248555,0.014450867,0.08092485,0.0057803467,0.0433526,0.08092485,0.057803467,0.037572253,0.049132947,0.040462427,0.0028901733,0.023121387,0.037572253,0.06358381,0.0433526,0.07225434,0.049132947,0.09248555,1.0
0.09178744,0.11111111,0.062801935,0.014492754,0.024154589,0.019323671,0.014492754,0.077294685,0.096618354,0.048309177,0.028985508,0.048309177,0.004830918,0.024154589,0.082125604,0.028985508,0.08695652,0.072463766,0.019323671,0.04347826,1.0
0.064444445,0.09111111,0.06,0.024444444,0.024444444,0.013333334,0.024444444,0.09777778,0.10222222,0.031111112,0.086666666,0.064444445,0.011111111,0.022222223,0.05111111,0.04222222,0.037777778,0.06888889,0.031111112,0.05111111,1.0
0.06818182,0.11363637,0.015151516,0.007575758,0.07575758,0.030303031,0.022727273,0.045454547,0.053030305,0.060606062,0.03787879,0.060606062,0.022727273,0.022727273,0.06818182,0.083333336,0.015151516,0.11363637,0.022727273,0.060606062,1.0
0.043771043,0.121212125,0.1010101,0.016835017,0.06397306,0.0,0.033670034,0.053872053,0.047138046,0.037037037,0.06397306,0.077441074,0.02020202,0.023569023,0.053872053,0.07070707,0.043771043,0.057239056,0.043771043,0.026936026,1.0
0.06051873,0.09798271,0.054755043,0.031700287,0.028818443,0.011527377,0.023054754,0.054755043,0.13544668,0.057636887,0.04610951,0.057636887,0.0259366,0.028818443,0.043227665,0.054755043,0.043227665,0.07204611,0.017291067,0.054755043,1.0
0.080684595,0.085574575,0.061124694,0.036674816,0.036674816,0.004889976,0.026894866,0.1002445,0.080684595,0.04645477,0.03422983,0.05378973,0.0073349634,0.036674816,0.036674816,0.06356968,0.036674816,0.07823961,0.036674816,0.056234717,1.0
0.09558824,0.09191176,0.05147059,0.036764707,0.029411765,0.022058824,0.040441178,0.0882353,0.05882353,0.05147059,0.036764707,0.05147059,0.029411765,0.029411765,0.0625,0.04411765,0.033088237,0.04779412,0.029411765,0.06985294,1.0
0.036585364,0.19512194,0.036585364,0.0121951215,0.030487806,0.024390243,0.024390243,0.067073174,0.048780486,0.07926829,0.067073174,0.067073174,0.0121951215,0.0060975607,0.085365854,0.042682927,0.036585364,0.085365854,0.0060975607,0.036585364,1.0
0.0708502,0.07489879,0.054655872,0.020242915,0.050607286,0.02834008,0.046558704,0.07489879,0.0708502,0.04048583,0.030364372,0.048582997,0.016194332,0.030364372,0.042510122,0.042510122,0.04048583,0.06680162,0.054655872,0.0951417,1.0
0.0647482,0.118705034,0.039568346,0.021582734,0.053956833,0.017985612,0.021582734,0.05755396,0.06834532,0.043165468,0.053956833,0.043165468,0.01438849,0.0647482,0.08273381,0.01438849,0.0647482,0.05755396,0.039568346,0.05755396,1.0
0.05882353,0.104411766,0.029411765,0.026470589,0.052941177,0.022058824,0.03529412,0.05882353,0.11764706,0.04117647,0.045588236,0.047058824,0.005882353,0.027941177,0.07205883,0.025,0.060294118,0.07058824,0.03529412,0.0632353,1.0
0.09440559,0.09440559,0.06993007,0.04895105,0.027972028,0.0034965035,0.01048951,0.07692308,0.062937066,0.013986014,0.08041958,0.052447554,0.013986014,0.034965035,0.062937066,0.066433564,0.02097902,0.08741259,0.034965035,0.04195804,1.0
0.10489511,0.11888112,0.062937066,0.034965035,0.006993007,0.006993007,0.04195804,0.04895105,0.062937066,0.027972028,0.08391608,0.04895105,0.006993007,0.04895105,0.027972028,0.055944055,0.027972028,0.062937066,0.034965035,0.08391608,1.0
0.041420117,0.102564104,0.053254437,0.025641026,0.051282052,0.009861933,0.01775148,0.07495069,0.14201184,0.037475344,0.051282052,0.049309663,0.003944773,0.03353057,0.049309663,0.05719921,0.037475344,0.06903353,0.03353057,0.0591716,1.0
0.06147541,0.094262294,0.04918033,0.030737706,0.032786883,0.0040983604,0.014344262,0.079918034,0.12704918,0.047131147,0.06147541,0.06762295,0.008196721,0.026639344,0.06967213,0.05532787,0.032786883,0.05532787,0.043032788,0.038934425,1.0
0.050816696,0.08892922,0.03811252,0.029038113,0.043557167,0.041742288,0.043557167,0.0707804,0.0707804,0.05263158,0.047186933,0.05263158,0.00907441,0.03448276,0.061705988,0.032667875,0.05263158,0.05989111,0.05263158,0.06715064,1.0
0.054347824,0.09057971,0.10869565,0.032608695,0.06884058,0.014492754,0.04710145,0.036231883,0.028985508,0.0036231885,0.1268116,0.039855074,0.014492754,0.0036231885,0.04347826,0.08695652,0.014492754,0.057971016,0.072463766,0.054347824,1.0
0.07042254,0.056338027,0.065727696,0.04694836,0.04225352,0.0093896715,0.014084507,0.07981221,0.10798122,0.018779343,0.018779343,0.061032865,0.0093896715,0.032863848,0.056338027,0.09859155,0.02347418,0.10798122,0.018779343,0.061032865,1.0
0.062992126,0.09186352,0.049868766,0.031496063,0.052493438,0.028871391,0.04199475,0.06824147,0.07611549,0.034120735,0.060367454,0.023622047,0.020997375,0.020997375,0.062992126,0.049868766,0.04199475,0.05511811,0.049868766,0.07611549,1.0
0.09677419,0.08797654,0.04692082,0.032258064,0.049853373,0.011730205,0.017595308,0.06158358,0.12903225,0.06451613,0.017595308,0.038123168,0.0,0.02346041,0.1319648,0.0058651026,0.014662757,0.09090909,0.017595308,0.06158358,1.0
0.12755102,0.071428575,0.015306123,0.020408163,0.020408163,0.0,0.020408163,0.14795919,0.071428575,0.025510205,0.025510205,0.025510205,0.030612245,0.10204082,0.020408163,0.030612245,0.030612245,0.0867347,0.030612245,0.096938774,1.0
0.065727696,0.12206573,0.065727696,0.032863848,0.02347418,0.0093896715,0.037558686,0.07981221,0.065727696,0.061032865,0.032863848,0.051643193,0.014084507,0.028169014,0.056338027,0.037558686,0.056338027,0.065727696,0.04694836,0.04694836,1.0
0.115303986,0.07337526,0.060796645,0.023060797,0.025157232,0.006289308,0.018867925,0.11320755,0.1278826,0.029350106,0.044025157,0.06708595,0.008385744,0.018867925,0.029350106,0.071278825,0.025157232,0.064989515,0.029350106,0.04821803,1.0
0.084745765,0.076271184,0.04519774,0.025423728,0.04519774,0.0028248588,0.025423728,0.07062147,0.10451978,0.033898305,0.06497175,0.048022598,0.025423728,0.025423728,0.08757062,0.04519774,0.04519774,0.06214689,0.028248588,0.053672317,1.0
0.04691358,0.08148148,0.07160494,0.04197531,0.04197531,0.01728395,0.04197531,0.08888889,0.09135803,0.05925926,0.0345679,0.054320987,0.01728395,0.022222223,0.037037037,0.049382716,0.039506175,0.07901235,0.039506175,0.044444446,1.0
0.07954545,0.095454544,0.056818184,0.018181818,0.038636364,0.013636364,0.03409091,0.06818182,0.09090909,0.05909091,0.08409091,0.052272726,0.013636364,0.01590909,0.070454545,0.045454547,0.03181818,0.054545455,0.029545454,0.047727272,1.0
0.06231454,0.10682493,0.03264095,0.014836796,0.050445102,0.020771513,0.017804155,0.0652819,0.09792285,0.038575668,0.059347183,0.06231454,0.017804155,0.023738872,0.07418398,0.038575668,0.03264095,0.08308605,0.050445102,0.050445102,1.0
0.09469697,0.056818184,0.11363637,0.022727273,0.03787879,0.0,0.03409091,0.11742424,0.06818182,0.026515152,0.07575758,0.030303031,0.011363637,0.022727273,0.03409091,0.053030305,0.030303031,0.060606062,0.083333336,0.026515152,1.0
0.11464968,0.05732484,0.031847134,0.031847134,0.044585988,0.031847134,0.06369427,0.06369427,0.06369427,0.06369427,0.025477707,0.050955415,0.012738854,0.01910828,0.01910828,0.06369427,0.044585988,0.0955414,0.044585988,0.05732484,1.0
0.07650273,0.07650273,0.07103825,0.038251366,0.027322404,0.0,0.016393442,0.07103825,0.05464481,0.05464481,0.027322404,0.027322404,0.010928961,0.0054644807,0.07650273,0.10382514,0.06010929,0.10928962,0.032786883,0.06010929,1.0
0.054229934,0.06290673,0.060737528,0.036876354,0.023861172,0.03253796,0.039045554,0.07592191,0.0824295,0.047722343,0.028199567,0.04338395,0.045553144,0.028199567,0.056399133,0.06290673,0.039045554,0.09978308,0.03253796,0.047722343,1.0
0.07913669,0.0647482,0.07194245,0.021582734,0.05755396,0.021582734,0.0,0.0647482,0.07194245,0.05755396,0.043165468,0.043165468,0.043165468,0.01438849,0.0647482,0.05035971,0.021582734,0.0647482,0.05755396,0.086330935,1.0
0.086448595,0.07943925,0.06308411,0.023364486,0.030373832,0.004672897,0.028037382,0.093457945,0.10747664,0.028037382,0.07009346,0.05140187,0.0070093456,0.01635514,0.039719626,0.060747664,0.023364486,0.07009346,0.049065422,0.06775701,1.0
0.061946902,0.090707965,0.059734512,0.026548672,0.044247787,0.006637168,0.03318584,0.06858407,0.117256634,0.057522126,0.050884955,0.053097345,0.015486726,0.026548672,0.07522124,0.028761063,0.03982301,0.07300885,0.019911505,0.050884955,1.0
0.07874016,0.07874016,0.05511811,0.03937008,0.047244094,0.0,0.031496063,0.031496063,0.08661418,0.023622047,0.08661418,0.015748031,0.007874016,0.007874016,0.05511811,0.08661418,0.031496063,0.13385826,0.062992126,0.03937008,1.0
0.08809524,0.071428575,0.054761905,0.023809524,0.028571429,0.007142857,0.05,0.09047619,0.10952381,0.042857144,0.04761905,0.03809524,0.014285714,0.030952381,0.030952381,0.071428575,0.03809524,0.061904762,0.04761905,0.052380953,1.0
0.044921875,0.091796875,0.0625,0.0234375,0.05859375,0.02734375,0.033203125,0.0703125,0.056640625,0.052734375,0.0703125,0.03515625,0.015625,0.025390625,0.056640625,0.056640625,0.048828125,0.052734375,0.041015625,0.076171875,1.0
0.077111386,0.10526316,0.06487148,0.030599754,0.029375765,0.0036719707,0.020807834,0.06609547,0.07588739,0.05263158,0.035495717,0.05385557,0.0036719707,0.019583844,0.06854345,0.093023255,0.030599754,0.085679315,0.023255814,0.05997552,1.0
0.069869,0.12227074,0.06113537,0.013100437,0.0349345,0.02183406,0.008733625,0.09606987,0.1091703,0.06550218,0.026200874,0.06550218,0.0043668123,0.02183406,0.052401748,0.030567685,0.030567685,0.074235804,0.05676856,0.0349345,1.0
0.11111111,0.1037037,0.05185185,0.02962963,0.022222223,0.022222223,0.0074074073,0.05185185,0.14074074,0.037037037,0.05925926,0.022222223,0.044444446,0.044444446,0.014814815,0.0074074073,0.06666667,0.074074075,0.037037037,0.05185185,1.0
0.11585366,0.09146342,0.067073174,0.024390243,0.030487806,0.0121951215,0.018292682,0.042682927,0.07926829,0.042682927,0.030487806,0.06097561,0.0121951215,0.018292682,0.06097561,0.05487805,0.067073174,0.036585364,0.05487805,0.07926829,1.0
0.104395606,0.071428575,0.082417585,0.027472528,0.043956045,0.0054945056,0.021978023,0.07692308,0.07692308,0.032967035,0.04945055,0.054945055,0.016483517,0.010989011,0.093406595,0.03846154,0.021978023,0.07692308,0.016483517,0.07692308,1.0
0.08,0.12,0.08,0.02,0.04,0.006666667,0.02,0.033333335,0.08,0.046666667,0.046666667,0.06,0.013333334,0.04,0.033333335,0.046666667,0.06666667,0.07333333,0.033333335,0.06,1.0
0.07446808,0.07446808,0.13829787,0.04255319,0.021276595,0.0,0.010638298,0.08510638,0.07446808,0.031914894,0.031914894,0.06382979,0.04255319,0.031914894,0.031914894,0.05319149,0.04255319,0.07446808,0.04255319,0.031914894,1.0
0.071428575,0.071428575,0.06650246,0.024630541,0.027093597,0.0024630541,0.022167487,0.071428575,0.16256158,0.036945812,0.044334974,0.08374384,0.014778325,0.019704433,0.04187192,0.046798028,0.04187192,0.044334974,0.036945812,0.06896552,1.0
0.08974359,0.102564104,0.06923077,0.015384615,0.028205128,0.0025641026,0.017948719,0.102564104,0.0948718,0.053846154,0.06410257,0.06666667,0.015384615,0.025641026,0.041025642,0.03846154,0.023076924,0.053846154,0.03076923,0.06410257,1.0
0.06619386,0.10874704,0.03073286,0.01891253,0.047281325,0.009456265,0.028368793,0.06146572,0.08274232,0.04964539,0.04491726,0.035460994,0.011820331,0.023640662,0.06619386,0.056737587,0.07328605,0.08747045,0.04255319,0.05437352,1.0
0.09732017,0.07334273,0.07475317,0.028208744,0.026798308,0.0028208746,0.016925247,0.08885755,0.10437235,0.039492242,0.04654443,0.059238363,0.0028208746,0.016925247,0.06346968,0.045133993,0.039492242,0.086036675,0.028208744,0.059238363,1.0
0.06388206,0.12285012,0.044226043,0.03685504,0.044226043,0.0073710075,0.024570024,0.05896806,0.11547912,0.049140047,0.03685504,0.03931204,0.0024570024,0.024570024,0.08108108,0.046683047,0.056511056,0.06879607,0.01965602,0.056511056,1.0
0.044711012,0.10687023,0.06324973,0.0174482,0.057797164,0.020719739,0.03380589,0.05016358,0.07306434,0.028353326,0.066521265,0.04252999,0.018538713,0.020719739,0.0348964,0.098146126,0.028353326,0.09269357,0.04252999,0.058887675,1.0
0.053892214,0.11576846,0.06986028,0.025948104,0.06986028,0.001996008,0.031936128,0.05788423,0.053892214,0.037924152,0.037924152,0.037924152,0.007984032,0.017964073,0.0499002,0.08782435,0.01996008,0.10778443,0.051896207,0.06187625,1.0
0.11313868,0.054744527,0.08759124,0.01459854,0.025547445,0.010948905,0.040145986,0.10583942,0.08029197,0.025547445,0.062043797,0.054744527,0.018248174,0.010948905,0.05109489,0.062043797,0.025547445,0.08394161,0.02919708,0.04379562,1.0
0.030120483,0.11445783,0.072289154,0.036144577,0.04819277,0.006024096,0.036144577,0.030120483,0.042168673,0.018072288,0.072289154,0.084337346,0.012048192,0.036144577,0.060240965,0.072289154,0.05421687,0.072289154,0.04819277,0.05421687,1.0
0.078313254,0.13253012,0.060240965,0.024096385,0.024096385,0.012048192,0.024096385,0.036144577,0.060240965,0.036144577,0.072289154,0.036144577,0.0,0.018072288,0.12048193,0.030120483,0.030120483,0.090361446,0.05421687,0.060240965,1.0
0.053719006,0.06404959,0.041322313,0.02892562,0.0661157,0.01446281,0.037190083,0.07024793,0.07231405,0.059917357,0.049586777,0.041322313,0.004132231,0.0392562,0.0661157,0.059917357,0.037190083,0.07024793,0.049586777,0.07438017,1.0
0.07908163,0.11989796,0.06887755,0.020408163,0.017857144,0.0076530613,0.020408163,0.06632653,0.10204082,0.05612245,0.040816326,0.071428575,0.0076530613,0.030612245,0.038265307,0.05357143,0.040816326,0.05102041,0.045918368,0.06122449,1.0
0.112676054,0.08450704,0.056338027,0.02347418,0.04225352,0.0093896715,0.0046948357,0.08450704,0.13615024,0.065727696,0.051643193,0.051643193,0.014084507,0.018779343,0.051643193,0.018779343,0.051643193,0.04225352,0.02347418,0.056338027,1.0
0.0647482,0.0911271,0.052757792,0.0119904075,0.01438849,0.0023980816,0.0,0.06714629,0.18705036,0.01438849,0.07434053,0.07913669,0.0,0.01438849,0.05995204,0.04556355,0.055155877,0.09832134,0.02877698,0.038369305,1.0
0.08128079,0.05172414,0.06650246,0.03448276,0.02955665,0.0024630541,0.032019705,0.10837439,0.12807882,0.027093597,0.071428575,0.06650246,0.01724138,0.022167487,0.036945812,0.046798028,0.014778325,0.071428575,0.044334974,0.046798028,1.0
0.0668693,0.10030395,0.036474165,0.036474165,0.0668693,0.009118541,0.027355623,0.05775076,0.05775076,0.04863222,0.039513677,0.051671732,0.0030395137,0.030395137,0.060790274,0.0668693,0.039513677,0.09726444,0.054711245,0.04863222,1.0
0.048387095,0.08651026,0.0601173,0.027859237,0.06304985,0.013196481,0.032258064,0.055718474,0.10410557,0.039589442,0.052785926,0.04398827,0.014662757,0.02346041,0.04105572,0.079178885,0.029325513,0.08064516,0.04398827,0.0601173,1.0
0.08349146,0.0910816,0.055028465,0.0227704,0.04743833,0.0075901328,0.026565464,0.072106265,0.072106265,0.036053132,0.037950665,0.06451613,0.009487666,0.020872865,0.05313093,0.06831119,0.043643262,0.07779886,0.043643262,0.06641366,1.0
0.047945205,0.12328767,0.0890411,0.01369863,0.05479452,0.01369863,0.047945205,0.07534247,0.05479452,0.02739726,0.04109589,0.034246575,0.02739726,0.006849315,0.04109589,0.061643835,0.061643835,0.0890411,0.06849315,0.020547945,1.0
0.08071749,0.058295965,0.09417041,0.01793722,0.02690583,0.00896861,0.01793722,0.08520179,0.11210762,0.013452915,0.058295965,0.089686096,0.031390134,0.00896861,0.00896861,0.08071749,0.040358745,0.06726457,0.058295965,0.040358745,1.0
0.07700535,0.075935826,0.065240644,0.011764706,0.027807487,0.004278075,0.018181818,0.04171123,0.0684492,0.054545455,0.073796794,0.045989305,0.004278075,0.022459893,0.097326204,0.05668449,0.044919785,0.10909091,0.052406415,0.04812834,1.0
0.1,0.078,0.068,0.018,0.036,0.0,0.024,0.082,0.088,0.034,0.074,0.058,0.016,0.028,0.052,0.06,0.024,0.066,0.04,0.054,1.0
0.03986711,0.16611296,0.07641196,0.013289036,0.036544852,0.013289036,0.023255814,0.036544852,0.06644518,0.04318937,0.04318937,0.03986711,0.009966778,0.03322259,0.03986711,0.049833886,0.073089704,0.073089704,0.06644518,0.053156145,1.0
0.023728814,0.14237288,0.0779661,0.016949153,0.040677965,0.0,0.023728814,0.06779661,0.11525424,0.027118644,0.05762712,0.050847456,0.010169491,0.030508475,0.033898305,0.054237287,0.07457627,0.07118644,0.016949153,0.06440678,1.0
0.067307696,0.067307696,0.057692308,0.01923077,0.057692308,0.01923077,0.048076924,0.09615385,0.03846154,0.067307696,0.057692308,0.028846154,0.028846154,0.009615385,0.01923077,0.115384616,0.01923077,0.086538464,0.01923077,0.07692308,1.0
0.08950617,0.086419754,0.06790123,0.021604938,0.040123455,0.0061728396,0.037037037,0.061728396,0.086419754,0.046296295,0.06790123,0.07716049,0.0030864198,0.033950616,0.058641974,0.046296295,0.037037037,0.052469134,0.024691358,0.055555556,1.0
0.09606987,0.08733624,0.048034936,0.052401748,0.03930131,0.013100437,0.02183406,0.06550218,0.04366812,0.06113537,0.03930131,0.05676856,0.0043668123,0.030567685,0.09606987,0.030567685,0.030567685,0.104803495,0.02183406,0.05676856,1.0
0.034267914,0.076323986,0.14018692,0.020249221,0.057632398,0.017133957,0.048286606,0.042056076,0.020249221,0.021806853,0.07320872,0.028037382,0.018691588,0.034267914,0.05140187,0.1012461,0.03894081,0.06542056,0.066978194,0.043613706,1.0
0.049242426,0.10606061,0.060606062,0.026515152,0.053030305,0.026515152,0.030303031,0.071969695,0.041666668,0.053030305,0.03409091,0.060606062,0.018939395,0.041666668,0.049242426,0.045454547,0.060606062,0.045454547,0.041666668,0.083333336,1.0
0.0859375,0.0859375,0.05078125,0.02734375,0.0390625,0.015625,0.01171875,0.109375,0.12109375,0.03125,0.06640625,0.0546875,0.0078125,0.01171875,0.06640625,0.03125,0.03125,0.0546875,0.0390625,0.05859375,1.0
0.093939394,0.07878788,0.05757576,0.027272727,0.024242423,0.003030303,0.021212121,0.07575758,0.121212125,0.036363635,0.07878788,0.084848486,0.0,0.015151516,0.027272727,0.07272727,0.033333335,0.05757576,0.05151515,0.03939394,1.0
0.09823678,0.105793454,0.035264485,0.017632242,0.0302267,0.005037783,0.010075566,0.095717885,0.14861462,0.032745592,0.050377835,0.052896727,0.007556675,0.020151133,0.055415615,0.06801008,0.007556675,0.06801008,0.025188917,0.065491185,1.0
0.08571429,0.104761906,0.057142857,0.028571429,0.03809524,0.01904762,0.023809524,0.104761906,0.0952381,0.071428575,0.057142857,0.033333335,0.0,0.023809524,0.09047619,0.014285714,0.028571429,0.06666667,0.01904762,0.03809524,1.0
0.0625,0.067708336,0.104166664,0.026041666,0.036458332,0.0,0.026041666,0.098958336,0.114583336,0.015625,0.052083332,0.03125,0.015625,0.036458332,0.052083332,0.057291668,0.020833334,0.067708336,0.052083332,0.0625,1.0
0.056603774,0.101200685,0.056603774,0.024013722,0.06174957,0.0154373925,0.042881645,0.048027445,0.080617495,0.056603774,0.039451115,0.04631218,0.0154373925,0.03259005,0.087478556,0.034305315,0.04116638,0.080617495,0.018867925,0.060034305,1.0
0.042918455,0.13304721,0.047210302,0.021459227,0.021459227,0.008583691,0.025751073,0.08583691,0.072961375,0.021459227,0.051502146,0.051502146,0.017167382,0.021459227,0.08583691,0.060085837,0.047210302,0.08154506,0.047210302,0.055793993,1.0
0.047904193,0.1017964,0.077844314,0.023952097,0.047904193,0.011976048,0.04191617,0.04191617,0.059880238,0.011976048,0.08383234,0.023952097,0.005988024,0.059880238,0.005988024,0.08383234,0.047904193,0.1017964,0.07185629,0.047904193,1.0
0.08498584,0.06798867,0.056657225,0.036827195,0.0509915,0.008498584,0.033994336,0.07648725,0.096317284,0.0509915,0.04249292,0.04532578,0.016997168,0.011331445,0.04249292,0.07082153,0.031161472,0.07648725,0.033994336,0.065155804,1.0
0.060526315,0.12631579,0.02631579,0.023684211,0.034210525,0.002631579,0.02631579,0.07631579,0.086842105,0.08421053,0.06842105,0.039473683,0.002631579,0.028947368,0.08157895,0.023684211,0.021052632,0.086842105,0.010526316,0.08947369,1.0
0.09867173,0.055028465,0.043643262,0.019924099,0.018026566,0.006641366,0.009487666,0.090132825,0.13282733,0.06831119,0.0654649,0.05597723,0.0056926,0.016129032,0.06736243,0.06831119,0.03320683,0.072106265,0.0227704,0.05028463,1.0
0.0718232,0.08839779,0.055248618,0.027624309,0.046961326,0.0138121545,0.0359116,0.0801105,0.10773481,0.044198897,0.05248619,0.038674034,0.0138121545,0.024861878,0.038674034,0.05248619,0.038674034,0.05248619,0.046961326,0.06906077,1.0
0.10788382,0.08921162,0.0746888,0.0186722,0.043568466,0.008298756,0.026970955,0.07053942,0.049792532,0.026970955,0.05394191,0.041493777,0.010373444,0.026970955,0.0746888,0.056016598,0.041493777,0.082987554,0.03526971,0.060165975,1.0
0.06760564,0.09577465,0.07605634,0.025352113,0.03661972,0.0056338026,0.014084507,0.047887325,0.10704225,0.028169014,0.03943662,0.03380282,0.008450705,0.02253521,0.030985916,0.123943664,0.028169014,0.09859155,0.04225352,0.06760564,1.0
0.05034325,0.11899313,0.05491991,0.020594966,0.044622425,0.017162472,0.03661327,0.04805492,0.053775743,0.03661327,0.05491991,0.046910755,0.018306635,0.02631579,0.044622425,0.091533184,0.03661327,0.10297483,0.05034325,0.045766592,1.0
0.057591625,0.12958115,0.083769634,0.0065445025,0.039267015,0.0013089005,0.02486911,0.04581152,0.060209423,0.041884817,0.08246073,0.04450262,0.018324608,0.028795812,0.02356021,0.090314135,0.030104712,0.07853403,0.06937173,0.043193717,1.0
0.058282208,0.107361965,0.073619634,0.036809817,0.042944785,0.006134969,0.027607363,0.061349694,0.07055215,0.04601227,0.05214724,0.018404908,0.012269938,0.024539877,0.030674847,0.09815951,0.049079753,0.07668712,0.05214724,0.055214725,1.0
0.054298643,0.1199095,0.07692308,0.015837105,0.054298643,0.0,0.03846154,0.06561086,0.05882353,0.020361992,0.07013575,0.029411765,0.018099548,0.024886878,0.042986427,0.07466064,0.049773756,0.0882353,0.042986427,0.054298643,1.0
0.04342432,0.09181141,0.07568238,0.022332506,0.049627792,0.021091811,0.04342432,0.047146402,0.07816377,0.045905706,0.045905706,0.042183623,0.014888338,0.02853598,0.03846154,0.089330025,0.037220843,0.08560794,0.058312654,0.04094293,1.0
0.06585789,0.102253035,0.06585789,0.022530328,0.058925476,0.0034662045,0.022530328,0.06585789,0.064124785,0.043327555,0.046793763,0.032928944,0.013864818,0.024263432,0.057192374,0.090121314,0.027729636,0.09532063,0.03812825,0.058925476,1.0
0.08051948,0.07012987,0.064935066,0.015584416,0.04155844,0.0025974025,0.044155844,0.08051948,0.077922076,0.04155844,0.07272727,0.057142857,0.015584416,0.023376623,0.033766232,0.08311688,0.033766232,0.07272727,0.031168832,0.057142857,1.0
0.072186835,0.12951168,0.033970278,0.014861995,0.027600849,0.0042462847,0.016985139,0.10615711,0.17834395,0.053078555,0.042462844,0.03821656,0.0042462847,0.033970278,0.089171976,0.014861995,0.031847134,0.04883227,0.016985139,0.042462844,1.0
0.06884876,0.09029345,0.06884876,0.022573363,0.041760724,0.0112866815,0.021444695,0.09706546,0.072234765,0.020316027,0.069977425,0.050790068,0.007900678,0.03047404,0.06094808,0.057562076,0.03047404,0.06546275,0.039503384,0.072234765,1.0
0.09840426,0.05851064,0.07712766,0.03723404,0.03723404,0.010638298,0.015957447,0.12765957,0.07978723,0.05319149,0.03723404,0.06648936,0.026595745,0.023936171,0.03723404,0.047872342,0.02925532,0.05851064,0.02925532,0.047872342,1.0
0.033860046,0.09029345,0.08126411,0.03160271,0.040632054,0.013544018,0.03837472,0.09029345,0.08803612,0.051918738,0.045146726,0.036117382,0.004514673,0.03160271,0.07900677,0.03837472,0.03837472,0.06546275,0.036117382,0.06546275,1.0
0.07861635,0.10691824,0.03773585,0.015723271,0.05345912,0.025157232,0.050314464,0.06918239,0.091194965,0.044025157,0.031446543,0.062893085,0.006289308,0.022012578,0.05345912,0.034591194,0.050314464,0.0754717,0.03773585,0.05345912,1.0
0.08839779,0.13535912,0.046961326,0.022099448,0.027624309,0.005524862,0.024861878,0.09668508,0.113259666,0.041436464,0.049723756,0.05248619,0.016574586,0.019337017,0.055248618,0.0359116,0.03038674,0.06077348,0.024861878,0.05248619,1.0
0.072463766,0.028985508,0.057971016,0.028985508,0.10144927,0.014492754,0.0,0.11594203,0.04347826,0.014492754,0.072463766,0.057971016,0.0,0.014492754,0.028985508,0.08695652,0.11594203,0.057971016,0.028985508,0.057971016,1.0
0.047021944,0.09404389,0.106583074,0.018808777,0.04075235,0.0031347962,0.043887146,0.0846395,0.05956113,0.02507837,0.053291537,0.05956113,0.012539185,0.02507837,0.02507837,0.11912226,0.012539185,0.05015674,0.0815047,0.037617553,1.0
0.060240965,0.10240964,0.04819277,0.022088353,0.032128513,0.012048192,0.016064256,0.08835341,0.13453816,0.06626506,0.042168673,0.072289154,0.01004016,0.034136545,0.08032128,0.008032128,0.03815261,0.044176705,0.014056225,0.07429719,1.0
0.04822335,0.11167513,0.053299494,0.038071066,0.038071066,0.007614213,0.020304568,0.09898477,0.11928934,0.043147206,0.038071066,0.065989845,0.012690355,0.017766498,0.065989845,0.038071066,0.030456852,0.07106599,0.027918782,0.053299494,1.0
0.10948905,0.074817516,0.05839416,0.040145986,0.012773722,0.0,0.012773722,0.10583942,0.13138686,0.025547445,0.032846715,0.054744527,0.0054744524,0.0054744524,0.047445256,0.0729927,0.032846715,0.07846715,0.034671534,0.062043797,1.0
0.093023255,0.10963455,0.06312292,0.026578072,0.013289036,0.006644518,0.03322259,0.06312292,0.10631229,0.029900333,0.059800666,0.049833886,0.013289036,0.03986711,0.029900333,0.059800666,0.03986711,0.059800666,0.03986711,0.06312292,1.0
0.050373133,0.11380597,0.029850746,0.018656716,0.039179105,0.024253732,0.039179105,0.08955224,0.108208954,0.06716418,0.04477612,0.050373133,0.0018656716,0.027985075,0.08022388,0.029850746,0.024253732,0.08395522,0.020522388,0.05597015,1.0
0.075581394,0.10465116,0.06686047,0.037790697,0.040697675,0.0,0.011627907,0.072674416,0.08139535,0.037790697,0.058139537,0.06395349,0.0058139535,0.029069768,0.06686047,0.05523256,0.029069768,0.075581394,0.031976745,0.05523256,1.0
0.08163265,0.10714286,0.05102041,0.015306123,0.038265307,0.017857144,0.025510205,0.10714286,0.06887755,0.05867347,0.06122449,0.033163264,0.0025510204,0.025510205,0.08418367,0.025510205,0.05867347,0.033163264,0.015306123,0.08928572,1.0
0.06923077,0.13461539,0.03076923,0.01923077,0.026923077,0.011538462,0.03076923,0.07692308,0.115384616,0.053846154,0.026923077,0.053846154,0.01923077,0.026923077,0.092307694,0.015384615,0.046153847,0.073076926,0.0076923077,0.06923077,1.0
0.075187966,0.14035088,0.030075189,0.010025063,0.030075189,0.015037594,0.02255639,0.09022556,0.13283208,0.04511278,0.050125312,0.032581452,0.015037594,0.030075189,0.0802005,0.02255639,0.037593983,0.055137843,0.01754386,0.067669176,1.0
0.08064516,0.10483871,0.07258064,0.048387095,0.048387095,0.008064516,0.008064516,0.06451613,0.088709675,0.032258064,0.016129032,0.07258064,0.0,0.016129032,0.06451613,0.06451613,0.024193548,0.05645161,0.048387095,0.08064516,1.0
0.08396947,0.10687023,0.034351144,0.026717557,0.026717557,0.007633588,0.015267176,0.061068702,0.08015267,0.015267176,0.0648855,0.034351144,0.003816794,0.034351144,0.07251909,0.03816794,0.08778626,0.091603056,0.026717557,0.08778626,1.0
0.045652173,0.11521739,0.063043475,0.019565217,0.04347826,0.006521739,0.039130434,0.06521739,0.06521739,0.04347826,0.06521739,0.047826085,0.017391304,0.02826087,0.09347826,0.015217391,0.05652174,0.054347824,0.030434782,0.08478261,1.0
0.07017544,0.10526316,0.05263158,0.029239766,0.058479533,0.01754386,0.023391813,0.12865497,0.064327486,0.046783626,0.046783626,0.046783626,0.01754386,0.023391813,0.058479533,0.040935673,0.029239766,0.046783626,0.03508772,0.058479533,1.0
0.082039915,0.10643016,0.046563193,0.015521064,0.05321508,0.006651885,0.022172948,0.09977827,0.10864745,0.033259425,0.039911307,0.05543237,0.0088691795,0.024390243,0.070953436,0.044345897,0.02660754,0.06873614,0.024390243,0.062084258,1.0
0.06557377,0.15409836,0.029508196,0.013114754,0.029508196,0.0032786885,0.016393442,0.06557377,0.09508197,0.07540984,0.045901638,0.039344262,0.019672131,0.036065575,0.114754096,0.029508196,0.036065575,0.04918033,0.013114754,0.06885246,1.0
0.07761194,0.10597015,0.05671642,0.017910447,0.034328356,0.0014925373,0.03880597,0.055223882,0.079104476,0.047761194,0.05671642,0.049253732,0.0014925373,0.016417911,0.09253731,0.040298507,0.040298507,0.08955224,0.026865672,0.07164179,1.0
0.062295083,0.114754096,0.04262295,0.036065575,0.04262295,0.009836066,0.019672131,0.07213115,0.114754096,0.039344262,0.05901639,0.029508196,0.013114754,0.039344262,0.078688525,0.026229508,0.036065575,0.07540984,0.022950819,0.06557377,1.0
0.05859375,0.125,0.041015625,0.0078125,0.029296875,0.017578125,0.037109375,0.078125,0.11328125,0.048828125,0.0625,0.03515625,0.009765625,0.044921875,0.0859375,0.033203125,0.041015625,0.064453125,0.017578125,0.048828125,1.0
0.08381503,0.08381503,0.07514451,0.023121387,0.020231213,0.0028901733,0.023121387,0.10982659,0.10982659,0.031791907,0.049132947,0.0433526,0.0057803467,0.00867052,0.046242774,0.06936416,0.046242774,0.07225434,0.03468208,0.06069364,1.0
0.07473309,0.099644125,0.06049822,0.03202847,0.06405694,0.0,0.014234875,0.071174376,0.09252669,0.049822062,0.042704627,0.03202847,0.021352313,0.021352313,0.046263345,0.06761566,0.053380784,0.071174376,0.03202847,0.053380784,1.0
0.06486487,0.08108108,0.05945946,0.037837837,0.016216217,0.0,0.016216217,0.048648648,0.13513513,0.027027028,0.043243244,0.07027027,0.0,0.010810811,0.075675674,0.08108108,0.043243244,0.1027027,0.021621622,0.06486487,1.0
0.09090909,0.055944055,0.062937066,0.027972028,0.055944055,0.0,0.013986014,0.062937066,0.14685315,0.027972028,0.062937066,0.04195804,0.006993007,0.013986014,0.06993007,0.062937066,0.02097902,0.0979021,0.02097902,0.055944055,1.0
0.07962529,0.08665106,0.042154565,0.039812647,0.05620609,0.0023419203,0.028103044,0.11943794,0.10772834,0.05386417,0.05854801,0.05620609,0.011709602,0.028103044,0.044496488,0.035128806,0.021077283,0.05620609,0.021077283,0.051522247,1.0
0.06081081,0.14864865,0.02364865,0.02027027,0.050675675,0.02027027,0.013513514,0.07094595,0.1418919,0.0472973,0.05743243,0.054054055,0.013513514,0.037162162,0.091216214,0.006756757,0.030405406,0.067567565,0.010135135,0.033783782,1.0
0.0494382,0.13483146,0.0494382,0.0247191,0.026966292,0.002247191,0.020224718,0.06966292,0.10561798,0.051685393,0.03820225,0.03820225,0.008988764,0.011235955,0.0988764,0.04269663,0.0494382,0.08764045,0.0247191,0.06516854,1.0
0.12686567,0.09701493,0.029850746,0.04477612,0.03731343,0.0,0.02238806,0.06716418,0.08208955,0.0074626864,0.029850746,0.029850746,0.0074626864,0.052238807,0.06716418,0.06716418,0.029850746,0.1119403,0.02238806,0.06716418,1.0
0.08133971,0.10047847,0.04784689,0.02631579,0.035885166,0.016746411,0.02631579,0.086124405,0.0645933,0.05263158,0.059808612,0.062200956,0.016746411,0.021531101,0.0645933,0.045454547,0.021531101,0.07655502,0.035885166,0.057416268,1.0
0.05952381,0.08928572,0.05059524,0.041666668,0.038690478,0.008928572,0.035714287,0.05357143,0.0952381,0.038690478,0.04464286,0.05654762,0.008928572,0.038690478,0.05059524,0.06845238,0.032738097,0.083333336,0.05059524,0.05357143,1.0
0.08064516,0.077419356,0.077419356,0.022580646,0.022580646,0.009677419,0.022580646,0.103225805,0.12903225,0.06451613,0.032258064,0.041935485,0.006451613,0.006451613,0.05483871,0.058064517,0.03548387,0.077419356,0.022580646,0.05483871,1.0
0.082969435,0.1091703,0.069869,0.030567685,0.01746725,0.008733625,0.030567685,0.082969435,0.069869,0.048034936,0.026200874,0.06550218,0.0043668123,0.01746725,0.082969435,0.04366812,0.0349345,0.09170306,0.01746725,0.06550218,1.0
0.08264463,0.09504132,0.08677686,0.02892562,0.012396694,0.004132231,0.020661157,0.045454547,0.09504132,0.012396694,0.05785124,0.024793388,0.008264462,0.024793388,0.09917355,0.03305785,0.053719006,0.09504132,0.041322313,0.0785124,1.0
0.107317075,0.107317075,0.043902438,0.034146342,0.03902439,0.004878049,0.004878049,0.087804876,0.16585366,0.07317073,0.03902439,0.03902439,0.019512195,0.004878049,0.029268293,0.06341463,0.019512195,0.048780486,0.024390243,0.043902438,1.0
0.082417585,0.08974359,0.06593407,0.027472528,0.02014652,0.02014652,0.025641026,0.082417585,0.09157509,0.04945055,0.08608059,0.04945055,0.014652015,0.032967035,0.04761905,0.042124543,0.01831502,0.05860806,0.04029304,0.054945055,1.0
0.06268657,0.08358209,0.02835821,0.019402985,0.020895522,0.02835821,0.02238806,0.07462686,0.1358209,0.03880597,0.07761194,0.065671645,0.013432836,0.03731343,0.06119403,0.02835821,0.026865672,0.07164179,0.023880597,0.079104476,1.0
0.07169118,0.10294118,0.05514706,0.018382354,0.036764707,0.009191177,0.033088237,0.09191176,0.112132356,0.033088237,0.04779412,0.06433824,0.020220589,0.02389706,0.025735294,0.075367644,0.02389706,0.04963235,0.040441178,0.06433824,1.0
0.05154639,0.10309278,0.05670103,0.036082473,0.05412371,0.012886598,0.0154639175,0.072164945,0.05670103,0.043814432,0.043814432,0.05670103,0.005154639,0.0154639175,0.036082473,0.072164945,0.04896907,0.067010306,0.085051544,0.067010306,1.0
0.07235142,0.12919897,0.054263566,0.023255814,0.023255814,0.005167959,0.025839793,0.043927647,0.09819122,0.046511628,0.056847546,0.043927647,0.012919896,0.03617571,0.051679585,0.04134367,0.0749354,0.064599484,0.054263566,0.04134367,1.0
0.049844235,0.11838006,0.05919003,0.015576324,0.043613706,0.0062305294,0.037383176,0.06853583,0.062305298,0.043613706,0.07165109,0.024922118,0.024922118,0.043613706,0.07788162,0.046728972,0.031152649,0.07788162,0.0529595,0.043613706,1.0
0.084337346,0.0873494,0.090361446,0.018072288,0.03313253,0.009036144,0.030120483,0.07530121,0.06927711,0.024096385,0.063253015,0.06927711,0.009036144,0.012048192,0.030120483,0.10843374,0.012048192,0.04819277,0.063253015,0.063253015,1.0
0.06582279,0.13164558,0.027848102,0.02278481,0.035443038,0.015189873,0.025316456,0.08607595,0.14177215,0.043037973,0.06835443,0.048101265,0.010126582,0.03797468,0.060759492,0.017721519,0.04050633,0.043037973,0.020253165,0.05822785,1.0
0.07570978,0.12618296,0.052050475,0.029968454,0.039432175,0.0031545742,0.017350158,0.09463722,0.07255521,0.04258675,0.0488959,0.059936907,0.009463723,0.029968454,0.07728706,0.04416404,0.029968454,0.08675079,0.01104101,0.0488959,1.0
0.114754096,0.08196721,0.040983606,0.024590164,0.04918033,0.016393442,0.008196721,0.114754096,0.10655738,0.040983606,0.032786883,0.07377049,0.0,0.016393442,0.07377049,0.040983606,0.016393442,0.06557377,0.04918033,0.032786883,1.0
0.08370044,0.105726875,0.039647575,0.030837005,0.02202643,0.008810572,0.017621145,0.057268724,0.08370044,0.017621145,0.066079296,0.030837005,0.0,0.030837005,0.07488987,0.03524229,0.09251101,0.08810572,0.026431719,0.08810572,1.0
0.08184143,0.09462915,0.06649616,0.015345269,0.03836317,0.017902814,0.025575448,0.10485934,0.079283886,0.05370844,0.04859335,0.046035804,0.0025575447,0.028132992,0.0741688,0.020460358,0.056265984,0.05370844,0.023017902,0.06905371,1.0
0.05812574,0.12574139,0.043890867,0.016607355,0.045077104,0.017793594,0.045077104,0.062870696,0.06405694,0.03677343,0.06761566,0.03084223,0.017793594,0.03914591,0.06405694,0.03795967,0.059311982,0.059311982,0.043890867,0.06405694,1.0
0.095846646,0.092651755,0.06709265,0.022364218,0.03514377,0.009584664,0.025559105,0.06709265,0.11821086,0.047923323,0.028753994,0.057507988,0.0063897762,0.0127795525,0.038338657,0.06709265,0.038338657,0.057507988,0.041533545,0.07028754,1.0
0.104477614,0.07649254,0.054104477,0.02238806,0.02238806,0.0018656716,0.009328358,0.08768657,0.108208954,0.048507463,0.06902985,0.054104477,0.0,0.0074626864,0.04664179,0.054104477,0.065298505,0.07276119,0.03731343,0.05783582,1.0
0.059838895,0.107019566,0.047180668,0.023014959,0.046029918,0.014959724,0.035673186,0.043728422,0.100115076,0.042577676,0.047180668,0.0575374,0.009205984,0.025316456,0.060989644,0.04027618,0.048331417,0.06904488,0.050632913,0.07134637,1.0
0.09921671,0.075718015,0.057441253,0.041775458,0.033942558,0.0,0.007832898,0.10966057,0.122715406,0.03916449,0.03133159,0.06266318,0.0,0.007832898,0.04699739,0.044386424,0.036553524,0.067885116,0.041775458,0.07310705,1.0
0.067307696,0.115384616,0.048076924,0.048076924,0.009615385,0.01923077,0.0,0.086538464,0.16346154,0.086538464,0.03846154,0.028846154,0.01923077,0.01923077,0.0,0.09615385,0.028846154,0.067307696,0.028846154,0.028846154,2.0
0.046875,0.109375,0.03125,0.03125,0.03125,0.0,0.015625,0.0234375,0.1640625,0.03125,0.0625,0.0390625,0.0,0.015625,0.0390625,0.109375,0.046875,0.0625,0.046875,0.09375,2.0
0.04918033,0.057377048,0.040983606,0.032786883,0.024590164,0.024590164,0.008196721,0.07377049,0.20491803,0.057377048,0.04918033,0.04918033,0.032786883,0.008196721,0.040983606,0.06557377,0.040983606,0.032786883,0.04918033,0.057377048,2.0
0.093959734,0.08053691,0.026845638,0.053691275,0.026845638,0.013422819,0.026845638,0.08053691,0.13422818,0.020134227,0.060402684,0.06711409,0.020134227,0.033557046,0.0067114094,0.093959734,0.033557046,0.040268455,0.033557046,0.053691275,2.0
0.057803467,0.10982659,0.028901733,0.028901733,0.03468208,0.0057803467,0.011560693,0.13294798,0.10404624,0.05202312,0.040462427,0.06936416,0.011560693,0.06358381,0.011560693,0.06936416,0.03468208,0.028901733,0.046242774,0.057803467,2.0
0.10632184,0.07471264,0.03735632,0.022988506,0.031609196,0.0028735632,0.03448276,0.0862069,0.109195404,0.03735632,0.048850574,0.10057471,0.0057471264,0.00862069,0.022988506,0.06896552,0.03735632,0.020114943,0.066091955,0.077586204,2.0
0.053846154,0.08846154,0.057692308,0.015384615,0.053846154,0.0038461538,0.03076923,0.08076923,0.115384616,0.034615386,0.057692308,0.053846154,0.0076923077,0.0038461538,0.034615386,0.09615385,0.046153847,0.06538462,0.03076923,0.06923077,2.0
0.08206687,0.06990881,0.051671732,0.039513677,0.039513677,0.015197569,0.018237082,0.09118541,0.11550152,0.045592707,0.04863222,0.051671732,0.0030395137,0.012158055,0.02431611,0.09726444,0.036474165,0.06382979,0.030395137,0.06382979,2.0
0.10472973,0.0945946,0.0472973,0.02364865,0.02364865,0.0,0.010135135,0.08108108,0.15202703,0.030405406,0.037162162,0.050675675,0.0,0.010135135,0.02027027,0.0945946,0.05743243,0.033783782,0.054054055,0.074324325,2.0
0.05116279,0.08992248,0.037209302,0.035658915,0.026356589,0.031007752,0.04496124,0.055813953,0.11472868,0.043410853,0.05736434,0.05891473,0.004651163,0.004651163,0.075968996,0.043410853,0.06666667,0.060465116,0.048062015,0.049612403,2.0
0.08661418,0.08661418,0.044619422,0.0131233595,0.04199475,0.005249344,0.04199475,0.09186352,0.062992126,0.047244094,0.062992126,0.07349081,0.0,0.015748031,0.023622047,0.070866145,0.062992126,0.026246719,0.089238845,0.052493438,2.0
0.078034684,0.07225434,0.049132947,0.00867052,0.040462427,0.023121387,0.03468208,0.098265894,0.115606934,0.0433526,0.06358381,0.07225434,0.0,0.0028901733,0.014450867,0.09248555,0.040462427,0.0433526,0.049132947,0.057803467,2.0
0.08103131,0.08655617,0.049723756,0.0073664826,0.02946593,0.023941068,0.05156538,0.042357273,0.08839779,0.057090238,0.057090238,0.06077348,0.0036832413,0.020257827,0.031307552,0.08287293,0.03314917,0.053407,0.06813996,0.0718232,2.0
0.06146572,0.079196215,0.03782506,0.026004728,0.036643025,0.03427896,0.04137116,0.07565012,0.09929078,0.05437352,0.052009456,0.07092199,0.0011820331,0.01536643,0.043735225,0.052009456,0.060283687,0.04255319,0.055555556,0.060283687,2.0
0.07272727,0.08,0.05090909,0.02909091,0.034545455,0.012727273,0.03818182,0.09090909,0.087272726,0.047272727,0.03818182,0.05272727,0.0036363637,0.018181818,0.036363635,0.07454546,0.05090909,0.06363636,0.04909091,0.06909091,2.0
0.08037094,0.07264297,0.05564142,0.02472952,0.03400309,0.010819165,0.044822257,0.06955178,0.11282844,0.047913447,0.04945904,0.051004637,0.00309119,0.017001545,0.02782071,0.077279754,0.032457497,0.041731067,0.0633694,0.083462134,2.0
0.061452515,0.08100559,0.047486033,0.041899443,0.039106146,0.011173184,0.05586592,0.06703911,0.0726257,0.044692736,0.033519555,0.053072624,0.002793296,0.02793296,0.02793296,0.08938547,0.044692736,0.06424581,0.047486033,0.086592175,2.0
0.041284405,0.08715596,0.027522936,0.055045873,0.03211009,0.050458714,0.013761468,0.03211009,0.110091746,0.041284405,0.06880734,0.041284405,0.013761468,0.027522936,0.12844037,0.02293578,0.07798165,0.07798165,0.018348623,0.03211009,2.0
0.0456621,0.07534247,0.03196347,0.03196347,0.0456621,0.01826484,0.047945205,0.08219178,0.10730594,0.05479452,0.057077624,0.061643835,0.00456621,0.011415525,0.025114154,0.084474884,0.047945205,0.061643835,0.052511416,0.052511416,2.0
0.04805915,0.11090573,0.027726432,0.025878003,0.042513862,0.014787431,0.059149724,0.081330866,0.09426987,0.04805915,0.057301294,0.04436229,0.0,0.012939001,0.04990758,0.060998153,0.055452865,0.04621072,0.042513862,0.077634014,2.0
0.07224959,0.07553366,0.031198686,0.07060755,0.03284072,0.019704433,0.02955665,0.10344828,0.07224959,0.055829227,0.062397372,0.060755335,0.0016420361,0.03284072,0.0591133,0.036124796,0.024630541,0.05090312,0.03284072,0.07553366,2.0
0.07936508,0.07936508,0.05079365,0.025396826,0.041269843,0.015873017,0.025396826,0.092063494,0.08888889,0.06666667,0.05079365,0.044444446,0.041269843,0.03809524,0.028571429,0.053968254,0.00952381,0.07936508,0.041269843,0.04761905,2.0
0.054867256,0.0920354,0.024778761,0.028318584,0.031858407,0.028318584,0.040707964,0.06017699,0.09026549,0.07433628,0.051327433,0.06548673,0.007079646,0.017699115,0.042477876,0.056637168,0.063716814,0.053097345,0.053097345,0.063716814,2.0
0.07258064,0.06451613,0.04032258,0.048387095,0.032258064,0.008064516,0.048387095,0.06451613,0.12903225,0.04032258,0.032258064,0.04032258,0.008064516,0.024193548,0.06451613,0.088709675,0.05645161,0.048387095,0.04032258,0.048387095,2.0
0.054744527,0.10948905,0.047445256,0.025547445,0.032846715,0.02189781,0.00729927,0.0729927,0.076642334,0.08759124,0.0729927,0.054744527,0.02189781,0.032846715,0.054744527,0.047445256,0.06934307,0.02919708,0.018248174,0.062043797,2.0
0.081911266,0.12286689,0.034129694,0.030716723,0.023890786,0.020477816,0.0034129692,0.085324235,0.12627986,0.040955633,0.07167236,0.07167236,0.0068259384,0.013651877,0.07167236,0.020477816,0.010238908,0.0784983,0.023890786,0.061433446,2.0
0.06363636,0.06666667,0.045454547,0.021212121,0.03939394,0.024242423,0.042424243,0.08181818,0.124242425,0.045454547,0.036363635,0.07878788,0.006060606,0.024242423,0.012121212,0.07272727,0.048484847,0.03939394,0.06666667,0.060606062,2.0
0.05263158,0.10121457,0.04453441,0.02834008,0.05263158,0.012145749,0.05263158,0.060728744,0.10121457,0.06882591,0.04048583,0.024291499,0.008097166,0.012145749,0.04453441,0.060728744,0.08906882,0.032388665,0.05263158,0.060728744,2.0
0.03773585,0.14150943,0.056603774,0.012578616,0.022012578,0.012578616,0.028301887,0.06603774,0.1446541,0.047169812,0.062893085,0.062893085,0.0,0.015723271,0.040880505,0.040880505,0.08176101,0.040880505,0.031446543,0.05345912,2.0
0.03125,0.052083332,0.052083332,0.020833334,0.03125,0.010416667,0.03125,0.0625,0.14583333,0.0625,0.041666668,0.041666668,0.020833334,0.010416667,0.020833334,0.16666667,0.020833334,0.072916664,0.052083332,0.052083332,2.0
0.06113537,0.08078603,0.06768559,0.041484717,0.03930131,0.0065502184,0.030567685,0.069869,0.08951965,0.02838428,0.08078603,0.06113537,0.015283843,0.0065502184,0.03930131,0.05458515,0.07860262,0.024017468,0.058951966,0.06550218,2.0
0.06276151,0.08368201,0.07949791,0.020920502,0.029288704,0.008368201,0.041841004,0.054393306,0.066945605,0.07112971,0.07949791,0.054393306,0.008368201,0.0,0.058577407,0.07112971,0.046025105,0.07112971,0.054393306,0.037656903,2.0
0.051813472,0.13471502,0.031088082,0.025906736,0.020725388,0.005181347,0.025906736,0.103626944,0.098445594,0.046632126,0.0880829,0.05699482,0.025906736,0.025906736,0.0880829,0.025906736,0.015544041,0.051813472,0.025906736,0.051813472,2.0
0.06849315,0.058708414,0.029354207,0.009784736,0.019569471,0.02739726,0.03522505,0.11741683,0.09001957,0.050880626,0.19765167,0.06262231,0.045009784,0.0019569471,0.0332681,0.01369863,0.037181996,0.017612524,0.056751467,0.02739726,2.0
0.048484847,0.084848486,0.05757576,0.042424243,0.048484847,0.033333335,0.033333335,0.07272727,0.07878788,0.08181818,0.07575758,0.048484847,0.033333335,0.015151516,0.042424243,0.045454547,0.030303031,0.036363635,0.054545455,0.036363635,2.0
0.08095238,0.09047619,0.057142857,0.03809524,0.03809524,0.01904762,0.01904762,0.08095238,0.071428575,0.071428575,0.04761905,0.033333335,0.00952381,0.0,0.09047619,0.042857144,0.061904762,0.057142857,0.028571429,0.061904762,2.0
0.070754714,0.12264151,0.028301887,0.03301887,0.03301887,0.004716981,0.014150944,0.08018868,0.08490566,0.03773585,0.056603774,0.04245283,0.009433962,0.018867925,0.061320756,0.06603774,0.0754717,0.056603774,0.047169812,0.056603774,2.0
0.058080807,0.08080808,0.058080807,0.025252525,0.045454547,0.02020202,0.032828283,0.07323232,0.13636364,0.055555556,0.04292929,0.05050505,0.0,0.007575758,0.017676767,0.103535354,0.022727273,0.055555556,0.055555556,0.058080807,2.0
0.07586207,0.07586207,0.048275862,0.029310346,0.031034483,0.0068965517,0.036206897,0.096551724,0.112068966,0.060344826,0.06551724,0.056896552,0.0017241379,0.013793103,0.027586207,0.06724138,0.03448276,0.048275862,0.046551723,0.06551724,2.0
0.05,0.15,0.025,0.016666668,0.016666668,0.025,0.008333334,0.083333336,0.108333334,0.041666668,0.083333336,0.075,0.025,0.016666668,0.058333334,0.058333334,0.041666668,0.033333335,0.016666668,0.06666667,2.0
0.09210526,0.05263158,0.04605263,0.05263158,0.039473683,0.0,0.019736841,0.10526316,0.16447368,0.059210528,0.019736841,0.05263158,0.0065789474,0.019736841,0.0065789474,0.098684214,0.013157895,0.05263158,0.05263158,0.04605263,2.0
0.06880734,0.08486239,0.055045873,0.02293578,0.03440367,0.016055046,0.036697246,0.09862386,0.06422018,0.038990825,0.08027523,0.052752294,0.0045871558,0.018348623,0.06422018,0.020642202,0.059633028,0.050458714,0.06880734,0.059633028,2.0
0.07748184,0.092009686,0.033898305,0.02905569,0.031476997,0.014527845,0.03874092,0.06053269,0.092009686,0.05811138,0.065375306,0.055690072,0.014527845,0.016949153,0.026634382,0.065375306,0.07263923,0.053268764,0.043583535,0.05811138,2.0
0.093023255,0.072093025,0.034883723,0.01627907,0.041860465,0.018604651,0.030232558,0.10232558,0.1,0.06511628,0.090697676,0.04883721,0.0,0.011627907,0.046511628,0.03255814,0.069767445,0.023255814,0.046511628,0.055813953,2.0
0.07506702,0.061662197,0.058981232,0.026809651,0.04557641,0.0026809652,0.029490616,0.101876676,0.13672923,0.04021448,0.034852546,0.056300268,0.0053619305,0.010723861,0.029490616,0.08310992,0.04021448,0.061662197,0.034852546,0.06434316,2.0
0.058411215,0.086448595,0.0724299,0.037383176,0.023364486,0.011682243,0.011682243,0.060747664,0.11214953,0.03271028,0.06308411,0.039719626,0.0,0.018691588,0.058411215,0.05373832,0.07943925,0.05140187,0.06308411,0.06542056,2.0
0.048728812,0.0911017,0.044491526,0.016949153,0.014830508,0.006355932,0.025423728,0.097457625,0.14194915,0.042372882,0.055084746,0.08898305,0.010593221,0.021186441,0.029661017,0.055084746,0.055084746,0.050847456,0.04661017,0.05720339,2.0
0.099236645,0.053435113,0.045801528,0.045801528,0.03816794,0.007633588,0.030534351,0.06870229,0.16030534,0.053435113,0.03816794,0.07633588,0.022900764,0.03816794,0.022900764,0.06870229,0.007633588,0.06870229,0.015267176,0.03816794,2.0
0.056338027,0.07981221,0.049295776,0.014084507,0.04694836,0.01173709,0.028169014,0.06807512,0.14553991,0.061032865,0.04225352,0.07511737,0.0070422534,0.02347418,0.058685444,0.018779343,0.044600938,0.072769955,0.02112676,0.07511737,2.0
0.09876543,0.09259259,0.037037037,0.030864198,0.024691358,0.018518519,0.049382716,0.055555556,0.086419754,0.055555556,0.043209877,0.061728396,0.012345679,0.0061728396,0.030864198,0.09876543,0.037037037,0.074074075,0.030864198,0.055555556,2.0
0.05172414,0.08908046,0.04597701,0.031609196,0.02586207,0.02586207,0.060344826,0.066091955,0.10344828,0.060344826,0.05172414,0.054597702,0.0,0.0057471264,0.022988506,0.0862069,0.020114943,0.060344826,0.07183908,0.066091955,2.0
0.05321101,0.051376145,0.036697246,0.02385321,0.025688073,0.0073394496,0.0091743115,0.08073395,0.12110092,0.06055046,0.04587156,0.051376145,0.058715597,0.056880735,0.04770642,0.09908257,0.034862384,0.04770642,0.025688073,0.06238532,2.0
0.10695187,0.03208556,0.037433155,0.037433155,0.053475935,0.01604278,0.04278075,0.10695187,0.10695187,0.07486631,0.026737968,0.12834224,0.0053475937,0.026737968,0.0,0.0855615,0.01604278,0.021390375,0.026737968,0.04812834,2.0
0.09259259,0.076719575,0.031746034,0.031746034,0.034391534,0.01058201,0.034391534,0.0978836,0.12169312,0.06349207,0.015873017,0.08465608,0.0026455026,0.044973545,0.037037037,0.044973545,0.026455026,0.05820106,0.037037037,0.052910052,2.0
0.044378698,0.088757396,0.03254438,0.02366864,0.04585799,0.03698225,0.03698225,0.087278105,0.09171598,0.04733728,0.057692308,0.06804734,0.00739645,0.028106509,0.039940827,0.04733728,0.06213018,0.03698225,0.03550296,0.08136094,2.0
0.09836066,0.09836066,0.029508196,0.019672131,0.029508196,0.0032786885,0.022950819,0.07213115,0.114754096,0.07540984,0.08852459,0.091803275,0.0032786885,0.0032786885,0.019672131,0.06885246,0.04918033,0.029508196,0.036065575,0.045901638,2.0
0.08723404,0.09787234,0.04893617,0.029787235,0.034042552,0.027659575,0.021276595,0.09148936,0.06382979,0.082978725,0.07021277,0.04680851,0.004255319,0.012765957,0.07021277,0.0148936175,0.05531915,0.04042553,0.04680851,0.05319149,2.0
0.06241135,0.06524823,0.04964539,0.021276595,0.04964539,0.012765957,0.060992908,0.083687946,0.07234043,0.03687943,0.07092199,0.068085104,0.0028368793,0.011347517,0.022695035,0.1035461,0.035460994,0.04964539,0.053900708,0.06666667,2.0
0.12935324,0.05472637,0.03482587,0.024875622,0.0099502485,0.0,0.0099502485,0.05970149,0.11940298,0.0049751243,0.104477614,0.094527364,0.0,0.014925373,0.019900497,0.10945274,0.039800994,0.049751244,0.03482587,0.08457711,2.0
0.032128513,0.092369474,0.04819277,0.02008032,0.036144577,0.008032128,0.04016064,0.072289154,0.14056225,0.04819277,0.06827309,0.0562249,0.012048192,0.016064256,0.036144577,0.06827309,0.060240965,0.04819277,0.04016064,0.0562249,2.0
0.048076924,0.13942307,0.033653848,0.033653848,0.052884616,0.028846154,0.024038462,0.048076924,0.10576923,0.067307696,0.052884616,0.028846154,0.0,0.01923077,0.052884616,0.03846154,0.08173077,0.033653848,0.052884616,0.057692308,2.0
0.06398104,0.08530806,0.0521327,0.021327015,0.0450237,0.021327015,0.035545025,0.08530806,0.12559241,0.030805686,0.049763035,0.07109005,0.0047393367,0.0047393367,0.028436018,0.056872036,0.047393367,0.056872036,0.04028436,0.073459715,2.0
0.041841004,0.058577407,0.054393306,0.027196653,0.039748956,0.020920502,0.023012552,0.056485355,0.11924686,0.054393306,0.037656903,0.054393306,0.020920502,0.037656903,0.043933053,0.08368201,0.054393306,0.06903765,0.039748956,0.06276151,2.0
0.072289154,0.084337346,0.018072288,0.060240965,0.012048192,0.012048192,0.006024096,0.024096385,0.090361446,0.024096385,0.10240964,0.05421687,0.0,0.042168673,0.078313254,0.030120483,0.12048193,0.090361446,0.04819277,0.030120483,2.0
0.0704501,0.072407044,0.039138943,0.02739726,0.04892368,0.023483366,0.04109589,0.064579256,0.06849315,0.06262231,0.064579256,0.0665362,0.0,0.01369863,0.050880626,0.072407044,0.039138943,0.050880626,0.04892368,0.07436399,2.0
0.07028754,0.10223642,0.044728436,0.05111821,0.031948883,0.0063897762,0.028753994,0.038338657,0.13099042,0.05111821,0.07348243,0.076677315,0.0031948881,0.022364218,0.047923323,0.06709265,0.031948883,0.025559105,0.057507988,0.038338657,2.0
0.105405405,0.08378378,0.05945946,0.037837837,0.021621622,0.0,0.0054054055,0.105405405,0.113513514,0.054054055,0.06486487,0.07837838,0.0054054055,0.0,0.043243244,0.035135135,0.054054055,0.037837837,0.05135135,0.043243244,2.0
0.07317073,0.09146342,0.027439024,0.021341464,0.0121951215,0.0060975607,0.051829267,0.09146342,0.06097561,0.067073174,0.04573171,0.05792683,0.051829267,0.033536587,0.036585364,0.07012195,0.033536587,0.051829267,0.06097561,0.05487805,2.0
0.09338521,0.08171206,0.038910504,0.0116731515,0.042801555,0.015564202,0.027237354,0.07003891,0.16342412,0.038910504,0.06225681,0.054474708,0.0,0.0116731515,0.027237354,0.08560311,0.031128405,0.046692606,0.035019454,0.06225681,2.0
0.078078076,0.0990991,0.033033032,0.039039038,0.039039038,0.009009009,0.027027028,0.072072074,0.13513513,0.045045044,0.039039038,0.06006006,0.0,0.018018018,0.018018018,0.072072074,0.039039038,0.0960961,0.036036037,0.045045044,2.0
0.041353382,0.060150377,0.04511278,0.018796992,0.030075189,0.030075189,0.04511278,0.078947365,0.124060154,0.04511278,0.030075189,0.05263158,0.030075189,0.02255639,0.067669176,0.04511278,0.082706764,0.037593983,0.060150377,0.05263158,2.0
0.078947365,0.116959065,0.04385965,0.029239766,0.029239766,0.020467836,0.032163743,0.07309941,0.10526316,0.055555556,0.06725146,0.029239766,0.0058479533,0.020467836,0.058479533,0.04385965,0.07309941,0.04385965,0.029239766,0.04385965,2.0
0.06593407,0.11208791,0.081318684,0.015384615,0.03076923,0.0,0.0043956046,0.11208791,0.10769231,0.043956045,0.083516486,0.043956045,0.0,0.0021978023,0.035164837,0.05934066,0.054945055,0.046153847,0.04835165,0.052747253,2.0
0.06896552,0.06896552,0.03448276,0.014778325,0.054187194,0.02955665,0.014778325,0.0591133,0.08866995,0.03448276,0.093596056,0.073891625,0.0049261083,0.014778325,0.02955665,0.06896552,0.08866995,0.019704433,0.054187194,0.08374384,2.0
0.08062575,0.06859206,0.030084236,0.027677497,0.049338147,0.02286402,0.038507823,0.070998795,0.10348977,0.06137184,0.038507823,0.055354994,0.013237064,0.02166065,0.06016847,0.07220217,0.027677497,0.051744886,0.048134778,0.057761732,2.0
0.084033616,0.10084034,0.04621849,0.042016808,0.016806724,0.004201681,0.037815128,0.084033616,0.09243698,0.042016808,0.042016808,0.063025214,0.016806724,0.029411765,0.029411765,0.079831935,0.05042017,0.029411765,0.033613447,0.075630255,2.0
0.06213018,0.09467456,0.03846154,0.01775148,0.04733728,0.020710059,0.03254438,0.07100592,0.10355029,0.044378698,0.053254437,0.0591716,0.0,0.0147929,0.03550296,0.07988165,0.056213018,0.053254437,0.06213018,0.053254437,2.0
0.09498208,0.089605734,0.059139784,0.02688172,0.03046595,0.005376344,0.03046595,0.08243728,0.07706093,0.051971328,0.086021505,0.050179213,0.0035842294,0.010752688,0.04659498,0.050179213,0.051971328,0.04659498,0.059139784,0.04659498,2.0
0.06629834,0.12154696,0.03314917,0.044198897,0.049723756,0.005524862,0.016574586,0.027624309,0.08839779,0.038674034,0.12707183,0.044198897,0.005524862,0.049723756,0.049723756,0.027624309,0.08287293,0.049723756,0.027624309,0.044198897,2.0
0.08312342,0.050377835,0.040302265,0.017632242,0.0302267,0.027707808,0.040302265,0.06297229,0.07304786,0.050377835,0.08312342,0.085642315,0.010075566,0.020151133,0.032745592,0.085642315,0.047858942,0.040302265,0.08060453,0.037783377,2.0
0.06927711,0.10240964,0.042168673,0.015060241,0.05421687,0.021084337,0.030120483,0.045180723,0.0873494,0.04819277,0.057228915,0.0813253,0.006024096,0.021084337,0.018072288,0.0813253,0.063253015,0.04819277,0.05120482,0.057228915,2.0
0.062962964,0.08148148,0.037037037,0.014814815,0.033333335,0.0037037036,0.025925925,0.074074075,0.14444445,0.048148148,0.05925926,0.048148148,0.0,0.0037037036,0.018518519,0.13703704,0.033333335,0.074074075,0.025925925,0.074074075,2.0
0.08476821,0.06887417,0.054304637,0.022516556,0.03311258,0.022516556,0.03576159,0.0781457,0.0807947,0.06622516,0.042384107,0.0794702,0.0013245033,0.029139074,0.034437086,0.06490066,0.030463576,0.054304637,0.042384107,0.074172184,2.0
0.0124223605,0.06832298,0.04347826,0.07453416,0.03726708,0.0,0.0062111802,0.031055901,0.1552795,0.049689442,0.0124223605,0.06832298,0.0,0.03726708,0.055900622,0.111801244,0.06832298,0.06832298,0.04347826,0.055900622,2.0
0.07272727,0.1030303,0.06969697,0.015151516,0.024242423,0.009090909,0.027272727,0.08181818,0.12727273,0.08181818,0.033333335,0.060606062,0.0,0.018181818,0.048484847,0.05151515,0.027272727,0.054545455,0.036363635,0.054545455,2.0
0.067307696,0.09615385,0.028846154,0.028846154,0.01923077,0.028846154,0.01923077,0.086538464,0.17307693,0.067307696,0.03846154,0.03846154,0.01923077,0.009615385,0.009615385,0.086538464,0.057692308,0.048076924,0.028846154,0.048076924,2.0
0.079225354,0.07746479,0.0528169,0.02112676,0.02640845,0.019366197,0.03521127,0.079225354,0.082746476,0.06338028,0.06338028,0.059859157,0.0035211267,0.029929578,0.04049296,0.075704224,0.04049296,0.04753521,0.03521127,0.06690141,2.0
0.088607594,0.12025317,0.012658228,0.015822785,0.034810126,0.01898734,0.012658228,0.085443035,0.10443038,0.05379747,0.060126584,0.060126584,0.00949367,0.015822785,0.085443035,0.022151899,0.06329114,0.056962024,0.015822785,0.06329114,2.0
0.030534351,0.16030534,0.030534351,0.030534351,0.015267176,0.022900764,0.015267176,0.114503816,0.10687023,0.045801528,0.091603056,0.053435113,0.030534351,0.007633588,0.07633588,0.015267176,0.045801528,0.053435113,0.0,0.053435113,2.0
0.07865169,0.060995184,0.025682183,0.016051365,0.043338683,0.038523275,0.033707865,0.11717496,0.085072234,0.05778491,0.06260032,0.06581059,0.0048154094,0.025682183,0.041733548,0.06420546,0.02728732,0.036918137,0.04012841,0.073836274,2.0
0.07371008,0.11056511,0.017199017,0.017199017,0.049140047,0.02948403,0.02948403,0.08108108,0.07371008,0.07371008,0.05159705,0.03685504,0.014742015,0.017199017,0.12039312,0.027027028,0.03685504,0.03685504,0.022113021,0.08108108,2.0
0.08439898,0.08439898,0.040920716,0.025575448,0.012787724,0.010230179,0.025575448,0.08951407,0.120204605,0.04347826,0.07672634,0.061381076,0.0025575447,0.0076726344,0.08184143,0.023017902,0.0971867,0.04347826,0.017902814,0.051150896,2.0
0.05882353,0.112132356,0.022058824,0.016544119,0.04595588,0.040441178,0.022058824,0.07720588,0.08639706,0.07169118,0.060661763,0.02757353,0.0036764706,0.03860294,0.10294118,0.020220589,0.03125,0.0625,0.022058824,0.07720588,2.0
0.08490566,0.06918239,0.050314464,0.029874213,0.040880505,0.014150944,0.02672956,0.08647799,0.07232705,0.047169812,0.05345912,0.055031445,0.017295597,0.03301887,0.059748426,0.061320756,0.018867925,0.0581761,0.040880505,0.08018868,2.0
0.04534005,0.1209068,0.032745592,0.01511335,0.032745592,0.012594459,0.04534005,0.0906801,0.12342569,0.07304786,0.047858942,0.050377835,0.005037783,0.01511335,0.06801008,0.037783377,0.06297229,0.037783377,0.022670025,0.0604534,2.0
0.06358381,0.10115607,0.023121387,0.014450867,0.05202312,0.00867052,0.020231213,0.078034684,0.10693642,0.078034684,0.07225434,0.046242774,0.011560693,0.023121387,0.03468208,0.06069364,0.06358381,0.046242774,0.037572253,0.057803467,2.0
0.074324325,0.12162162,0.027027028,0.0472973,0.04054054,0.006756757,0.013513514,0.074324325,0.074324325,0.033783782,0.08783784,0.067567565,0.02027027,0.027027028,0.013513514,0.08108108,0.04054054,0.027027028,0.0472973,0.074324325,2.0
0.052238807,0.108208954,0.048507463,0.026119404,0.04477612,0.014925373,0.029850746,0.052238807,0.104477614,0.052238807,0.052238807,0.04477612,0.01119403,0.026119404,0.07835821,0.041044775,0.063432835,0.063432835,0.02238806,0.063432835,2.0
0.0738255,0.053691275,0.026845638,0.013422819,0.040268455,0.013422819,0.0067114094,0.12751678,0.147651,0.0738255,0.040268455,0.087248325,0.026845638,0.0067114094,0.053691275,0.040268455,0.040268455,0.040268455,0.060402684,0.026845638,2.0
0.030150754,0.08040201,0.025125628,0.055276383,0.040201005,0.0050251256,0.040201005,0.085427135,0.1356784,0.04522613,0.06532663,0.055276383,0.020100502,0.025125628,0.030150754,0.06532663,0.050251257,0.07537688,0.020100502,0.050251257,2.0
0.059945505,0.089918256,0.01907357,0.029972753,0.035422344,0.024523161,0.032697547,0.06811989,0.1253406,0.04359673,0.07629428,0.04359673,0.010899182,0.016348774,0.073569484,0.05722071,0.03814714,0.0626703,0.035422344,0.05722071,2.0
0.06833713,0.07289294,0.056947608,0.041002277,0.022779044,0.006833713,0.04328018,0.082004555,0.10933941,0.050113894,0.07289294,0.04783599,0.011389522,0.018223235,0.061503418,0.04328018,0.038724374,0.03644647,0.054669704,0.061503418,2.0
0.08494209,0.06949807,0.057915058,0.054054055,0.027027028,0.0,0.015444015,0.06563707,0.12741312,0.06177606,0.06177606,0.06949807,0.0,0.0038610038,0.054054055,0.042471044,0.03088803,0.05019305,0.08108108,0.042471044,2.0
0.022058824,0.05147059,0.05147059,0.036764707,0.04411765,0.014705882,0.022058824,0.0882353,0.15441176,0.029411765,0.066176474,0.080882356,0.014705882,0.007352941,0.007352941,0.125,0.022058824,0.04411765,0.066176474,0.05147059,2.0
0.093959734,0.06711409,0.060402684,0.033557046,0.013422819,0.0067114094,0.033557046,0.040268455,0.12751678,0.033557046,0.033557046,0.08053691,0.013422819,0.0067114094,0.033557046,0.10738255,0.060402684,0.033557046,0.046979867,0.0738255,2.0
0.08852459,0.13770492,0.052459016,0.022950819,0.032786883,0.022950819,0.019672131,0.07540984,0.06885246,0.062295083,0.08196721,0.032786883,0.0,0.013114754,0.08196721,0.022950819,0.07213115,0.039344262,0.026229508,0.045901638,2.0
0.05376344,0.06989247,0.032258064,0.016129032,0.032258064,0.016129032,0.032258064,0.11827957,0.05376344,0.059139784,0.07526882,0.05376344,0.07526882,0.016129032,0.059139784,0.06451613,0.021505376,0.03763441,0.048387095,0.06451613,2.0
0.045614034,0.0754386,0.02982456,0.036842104,0.015789473,0.02982456,0.033333335,0.08070175,0.08070175,0.047368422,0.042105265,0.07192983,0.031578947,0.03508772,0.05263158,0.078947365,0.022807017,0.08421053,0.05087719,0.054385964,2.0
0.025210084,0.1764706,0.016806724,0.025210084,0.016806724,0.025210084,0.0,0.09243698,0.13445379,0.1092437,0.033613447,0.042016808,0.025210084,0.033613447,0.084033616,0.008403362,0.033613447,0.05042017,0.008403362,0.05882353,2.0
0.04909561,0.095607236,0.018087855,0.020671835,0.046511628,0.007751938,0.028423773,0.08268734,0.14470284,0.064599484,0.033591732,0.054263566,0.012919896,0.020671835,0.07751938,0.031007752,0.03617571,0.067183465,0.033591732,0.0749354,2.0
0.07038123,0.08211144,0.052785926,0.008797654,0.04398827,0.017595308,0.032258064,0.09384164,0.1085044,0.04398827,0.052785926,0.076246336,0.011730205,0.0029325513,0.035190616,0.055718474,0.032258064,0.04398827,0.07331378,0.06158358,2.0
0.064935066,0.09090909,0.032467533,0.038961038,0.025974026,0.0,0.025974026,0.045454547,0.12337662,0.097402595,0.051948052,0.064935066,0.025974026,0.032467533,0.084415585,0.0,0.051948052,0.058441557,0.038961038,0.045454547,2.0
0.06666667,0.07570621,0.037288137,0.02259887,0.04519774,0.021468926,0.036158193,0.08361582,0.09943503,0.050847456,0.05536723,0.04180791,0.006779661,0.018079096,0.0519774,0.06892655,0.054237287,0.049717516,0.036158193,0.0779661,2.0
0.09019608,0.08235294,0.041830067,0.03529412,0.03267974,0.010457517,0.03398693,0.081045754,0.09542484,0.050980393,0.06928105,0.05751634,0.0013071896,0.013071896,0.045751635,0.0627451,0.0379085,0.050980393,0.039215688,0.06797386,2.0
0.038297873,0.04255319,0.012765957,0.025531914,0.05957447,0.008510638,0.025531914,0.089361705,0.10638298,0.05531915,0.05531915,0.04255319,0.038297873,0.04255319,0.025531914,0.15319149,0.038297873,0.07234043,0.012765957,0.05531915,2.0
0.024539877,0.09815951,0.030674847,0.006134969,0.030674847,0.012269938,0.0,0.11042945,0.17177914,0.0797546,0.061349694,0.036809817,0.09815951,0.018404908,0.09202454,0.012269938,0.024539877,0.055214725,0.006134969,0.030674847,2.0
0.07259953,0.10538641,0.046838406,0.011709602,0.046838406,0.014051522,0.025761124,0.077283375,0.091334894,0.051522247,0.051522247,0.04918033,0.0046838406,0.039812647,0.08430913,0.035128806,0.04918033,0.06791569,0.018735362,0.05620609,2.0
0.075675674,0.05945946,0.037837837,0.021621622,0.043243244,0.0,0.016216217,0.06486487,0.17297298,0.043243244,0.08648649,0.12972973,0.010810811,0.010810811,0.016216217,0.048648648,0.032432433,0.021621622,0.05945946,0.048648648,3.0
0.06736842,0.09052631,0.050526317,0.016842104,0.023157895,0.0,0.014736842,0.07789474,0.12210526,0.016842104,0.09052631,0.11157895,0.0,0.0,0.02736842,0.082105264,0.037894737,0.035789475,0.05894737,0.07368421,3.0
0.061946902,0.088495575,0.044247787,0.03539823,0.0088495575,0.0,0.0088495575,0.10619469,0.15929204,0.0,0.088495575,0.088495575,0.0,0.0,0.0,0.097345136,0.061946902,0.026548672,0.07964602,0.044247787,3.0
0.04310345,0.038793102,0.01724138,0.004310345,0.021551725,0.01724138,0.02586207,0.05172414,0.2025862,0.056034483,0.09051724,0.056034483,0.0,0.012931035,0.004310345,0.02586207,0.16810344,0.038793102,0.073275864,0.05172414,3.0
0.075581394,0.11627907,0.069767445,0.029069768,0.040697675,0.017441861,0.040697675,0.075581394,0.058139537,0.040697675,0.09883721,0.069767445,0.011627907,0.029069768,0.0058139535,0.075581394,0.023255814,0.040697675,0.040697675,0.040697675,3.0
0.06557377,0.032786883,0.032786883,0.024590164,0.086065575,0.0040983604,0.028688524,0.06557377,0.032786883,0.036885247,0.10245901,0.06557377,0.0040983604,0.012295082,0.09016393,0.06967213,0.016393442,0.06557377,0.086065575,0.07786885,3.0
0.058103975,0.06422018,0.051987767,0.01529052,0.03058104,0.018348623,0.058103975,0.07339449,0.036697246,0.03058104,0.09785933,0.0764526,0.0,0.021406727,0.024464833,0.094801225,0.048929665,0.036697246,0.103975534,0.058103975,3.0
0.05652174,0.055072464,0.044927537,0.01884058,0.026086956,0.010144928,0.034782607,0.07536232,0.072463766,0.047826085,0.072463766,0.07826087,0.0,0.036231883,0.03768116,0.08115942,0.069565214,0.046376813,0.07536232,0.060869563,3.0
0.096045196,0.056497175,0.056497175,0.02259887,0.03954802,0.011299435,0.04519774,0.06214689,0.050847456,0.033898305,0.03954802,0.056497175,0.0,0.016949153,0.03954802,0.1299435,0.056497175,0.056497175,0.07909604,0.050847456,3.0
0.087866105,0.025104603,0.11297071,0.012552301,0.046025105,0.0,0.037656903,0.09205021,0.066945605,0.037656903,0.054393306,0.050209206,0.0,0.012552301,0.012552301,0.09623431,0.041841004,0.054393306,0.09623431,0.06276151,3.0
0.08510638,0.04255319,0.07234043,0.017021276,0.04680851,0.0,0.038297873,0.09787234,0.06382979,0.029787235,0.076595746,0.068085104,0.0,0.034042552,0.008510638,0.10638298,0.021276595,0.068085104,0.08510638,0.038297873,3.0
0.08588957,0.09815951,0.049079753,0.012269938,0.061349694,0.006134969,0.055214725,0.055214725,0.036809817,0.049079753,0.0797546,0.0797546,0.0,0.012269938,0.012269938,0.12883435,0.0,0.09202454,0.036809817,0.049079753,3.0
0.06866953,0.034334764,0.030042918,0.017167382,0.025751073,0.021459227,0.047210302,0.098712444,0.15879828,0.021459227,0.115879826,0.08583691,0.0,0.030042918,0.012875536,0.025751073,0.06866953,0.017167382,0.08583691,0.034334764,3.0
0.076620825,0.05697446,0.043222003,0.013752456,0.035363458,0.00589391,0.049115915,0.070726916,0.08447937,0.02357564,0.06286837,0.066797644,0.0019646366,0.019646365,0.015717093,0.106090374,0.03929273,0.06483301,0.06876228,0.09430256,3.0
0.042857144,0.14285715,0.057142857,0.028571429,0.042857144,0.014285714,0.014285714,0.071428575,0.092857145,0.1,0.014285714,0.028571429,0.028571429,0.021428572,0.07857143,0.028571429,0.035714287,0.08571429,0.021428572,0.05,3.0
0.057692308,0.07371795,0.051282052,0.01923077,0.032051284,0.016025642,0.044871796,0.08974359,0.12179487,0.057692308,0.044871796,0.086538464,0.022435898,0.035256412,0.07692308,0.012820513,0.025641026,0.044871796,0.009615385,0.07692308,3.0
0.116071425,0.10714286,0.07589286,0.02232143,0.017857144,0.008928572,0.026785715,0.071428575,0.04910714,0.04464286,0.04464286,0.04910714,0.008928572,0.017857144,0.08035714,0.07589286,0.004464286,0.09821428,0.04017857,0.04017857,3.0
0.0828877,0.0882353,0.07219251,0.029411765,0.026737968,0.0,0.021390375,0.10695187,0.09625668,0.04278075,0.056149732,0.06417112,0.0053475937,0.021390375,0.061497327,0.061497327,0.029411765,0.06417112,0.01604278,0.053475935,3.0
0.05580357,0.09598214,0.035714287,0.015625,0.035714287,0.02232143,0.02455357,0.11383928,0.14285715,0.071428575,0.058035713,0.03125,0.004464286,0.017857144,0.06473214,0.026785715,0.0625,0.04017857,0.03125,0.04910714,3.0
0.05116279,0.093023255,0.093023255,0.027906977,0.060465116,0.004651163,0.03255814,0.041860465,0.055813953,0.046511628,0.074418604,0.046511628,0.009302326,0.018604651,0.013953488,0.08372093,0.013953488,0.069767445,0.10232558,0.060465116,3.0
0.13864307,0.073746316,0.050147492,0.02359882,0.026548672,0.0088495575,0.017699115,0.08259587,0.097345136,0.044247787,0.03539823,0.04719764,0.020648967,0.038348082,0.041297935,0.05899705,0.041297935,0.07079646,0.03539823,0.04719764,3.0
0.046376813,0.08695652,0.057971016,0.011594203,0.04927536,0.008695652,0.07826087,0.104347825,0.046376813,0.03188406,0.09275363,0.08405797,0.0028985508,0.023188407,0.011594203,0.07826087,0.034782607,0.020289855,0.08695652,0.04347826,3.0
0.059602648,0.0794702,0.06622516,0.01986755,0.052980132,0.01986755,0.059602648,0.105960265,0.07284768,0.046357617,0.059602648,0.052980132,0.026490066,0.0066225166,0.01986755,0.059602648,0.046357617,0.0794702,0.0397351,0.026490066,3.0
0.08130081,0.09756097,0.024390243,0.026422765,0.028455285,0.010162601,0.022357723,0.06910569,0.15040651,0.07113821,0.034552846,0.05691057,0.008130081,0.026422765,0.075203255,0.046747968,0.040650405,0.042682927,0.020325202,0.067073174,3.0
0.07614213,0.09898477,0.040609136,0.020304568,0.017766498,0.002538071,0.02284264,0.10406091,0.14467005,0.04568528,0.043147206,0.060913704,0.002538071,0.017766498,0.058375634,0.055837564,0.038071066,0.058375634,0.030456852,0.060913704,3.0
0.041025642,0.092307694,0.05897436,0.015384615,0.023076924,0.025641026,0.043589745,0.08461539,0.13076924,0.043589745,0.056410257,0.056410257,0.0025641026,0.0076923077,0.06666667,0.046153847,0.06923077,0.035897437,0.017948719,0.082051285,3.0
0.071428575,0.078947365,0.05263158,0.033834588,0.05263158,0.0037593986,0.082706764,0.033834588,0.02631579,0.02631579,0.060150377,0.05263158,0.007518797,0.02255639,0.02255639,0.12781955,0.030075189,0.04511278,0.078947365,0.09022556,3.0
0.057377048,0.06284153,0.057377048,0.008196721,0.043715846,0.013661202,0.040983606,0.08196721,0.10382514,0.030054646,0.114754096,0.09016393,0.0054644807,0.008196721,0.043715846,0.06284153,0.030054646,0.016393442,0.05464481,0.07377049,3.0
0.060606062,0.051948052,0.038961038,0.030303031,0.04761905,0.030303031,0.034632035,0.064935066,0.06926407,0.04761905,0.064935066,0.038961038,0.034632035,0.021645023,0.077922076,0.038961038,0.08225108,0.07359307,0.064935066,0.025974026,3.0
0.06269593,0.05956113,0.05956113,0.028213166,0.031347964,0.02507837,0.043887146,0.075235106,0.043887146,0.031347964,0.07836991,0.09717868,0.0,0.012539185,0.03448276,0.09090909,0.031347964,0.03448276,0.07836991,0.0815047,3.0
0.08181818,0.06363636,0.045454547,0.012121212,0.030303031,0.012121212,0.06363636,0.06363636,0.05151515,0.042424243,0.07878788,0.048484847,0.006060606,0.027272727,0.015151516,0.124242425,0.030303031,0.045454547,0.07878788,0.07878788,3.0
0.06278714,0.05972435,0.035222054,0.010719755,0.027565084,0.016845329,0.032159265,0.10719755,0.1194487,0.05206738,0.101071976,0.101071976,0.012251149,0.0153139355,0.049004596,0.030627871,0.030627871,0.02143951,0.05513017,0.05972435,3.0
0.04989605,0.054054055,0.043659043,0.012474013,0.047817048,0.01871102,0.04989605,0.112266116,0.095634095,0.022869023,0.09147609,0.08939709,0.0,0.024948025,0.024948025,0.031185031,0.047817048,0.031185031,0.07484408,0.07692308,3.0
0.07259528,0.056261342,0.032667875,0.014519056,0.03811252,0.041742288,0.03629764,0.12885663,0.09255898,0.04537205,0.085299455,0.030852994,0.010889292,0.021778584,0.056261342,0.021778584,0.050816696,0.027223231,0.05989111,0.07622504,3.0
0.05429072,0.05604203,0.043782838,0.019264448,0.033274956,0.028021015,0.043782838,0.084063046,0.10507881,0.04028021,0.12084063,0.10157618,0.017513135,0.014010508,0.033274956,0.026269702,0.03502627,0.019264448,0.087565675,0.036777582,3.0
0.07073955,0.118971065,0.03858521,0.01607717,0.03215434,0.006430868,0.035369776,0.10610932,0.09003215,0.051446944,0.1221865,0.051446944,0.006430868,0.022508038,0.035369776,0.03215434,0.041800644,0.035369776,0.048231512,0.03858521,3.0
0.053475935,0.056149732,0.07486631,0.01604278,0.029411765,0.018716577,0.045454547,0.09358289,0.10695187,0.029411765,0.069518715,0.069518715,0.010695187,0.013368984,0.03208556,0.07219251,0.021390375,0.03208556,0.0882353,0.06684492,3.0
0.064896755,0.088495575,0.038348082,0.020648967,0.053097345,0.005899705,0.053097345,0.056047197,0.10324484,0.050147492,0.085545726,0.061946902,0.005899705,0.01179941,0.029498525,0.061946902,0.029498525,0.02359882,0.10324484,0.053097345,3.0
0.058479533,0.080409355,0.020467836,0.0058479533,0.01754386,0.019005848,0.019005848,0.10818713,0.14327486,0.07017544,0.078947365,0.05994152,0.029239766,0.029239766,0.08479532,0.029239766,0.04239766,0.029239766,0.019005848,0.055555556,3.0
0.051918738,0.051918738,0.027088037,0.033860046,0.045146726,0.03160271,0.04288939,0.10609481,0.11286682,0.049661398,0.0744921,0.072234765,0.013544018,0.022573363,0.049661398,0.033860046,0.03837472,0.036117382,0.06320542,0.04288939,3.0
0.09579832,0.038655464,0.06386555,0.023529412,0.02184874,0.01512605,0.04369748,0.09411765,0.099159665,0.048739497,0.07058824,0.06386555,0.008403362,0.020168068,0.048739497,0.04369748,0.031932775,0.031932775,0.06890757,0.067226894,3.0
0.06388206,0.07248157,0.049140047,0.013513514,0.04054054,0.022113021,0.047911547,0.07739558,0.08108108,0.024570024,0.09213759,0.08108108,0.012285012,0.024570024,0.024570024,0.02948403,0.05773956,0.07125307,0.06019656,0.054054055,3.0
0.06573276,0.07219828,0.078663796,0.010775862,0.036637932,0.0032327587,0.023706896,0.09051724,0.05926724,0.011853448,0.07435345,0.078663796,0.0032327587,0.010775862,0.03125,0.08943965,0.033405174,0.061422415,0.10021552,0.06465517,3.0
0.06849315,0.083561644,0.024657534,0.015068493,0.036986303,0.03287671,0.053424656,0.08219178,0.08082192,0.061643835,0.06575342,0.052054796,0.008219178,0.02739726,0.069863014,0.028767124,0.047945205,0.05479452,0.04931507,0.056164384,3.0
0.05636743,0.08559499,0.03966597,0.0041753654,0.0480167,0.014613778,0.04592902,0.114822544,0.12108559,0.02296451,0.10229645,0.052192066,0.0,0.014613778,0.016701462,0.035490606,0.052192066,0.025052192,0.058455113,0.089770354,3.0
0.06213873,0.07658959,0.033236995,0.020231213,0.047687862,0.024566473,0.031791907,0.0867052,0.085260116,0.07514451,0.06647399,0.056358382,0.00433526,0.027456647,0.07658959,0.037572253,0.040462427,0.039017342,0.046242774,0.06213873,3.0
0.06349207,0.065476194,0.035714287,0.029761905,0.031746034,0.017857144,0.04563492,0.07539683,0.103174604,0.03968254,0.11309524,0.08730159,0.011904762,0.021825397,0.015873017,0.035714287,0.055555556,0.043650795,0.05357143,0.05357143,3.0
0.059369203,0.08348794,0.020408163,0.0074211503,0.031539887,0.018552875,0.04638219,0.11317254,0.12987013,0.038961038,0.103896104,0.077922076,0.012987013,0.020408163,0.040816326,0.040816326,0.03710575,0.012987013,0.040816326,0.063079774,3.0
0.075247526,0.06336634,0.053465348,0.015841585,0.027722772,0.03168317,0.035643563,0.0990099,0.08514851,0.045544554,0.07920792,0.075247526,0.0,0.017821781,0.04158416,0.035643563,0.037623763,0.035643563,0.075247526,0.06930693,3.0
0.051764704,0.044705883,0.04235294,0.009411764,0.06352941,0.014117647,0.047058824,0.11529412,0.08470588,0.030588236,0.11529412,0.065882355,0.009411764,0.011764706,0.032941177,0.047058824,0.025882352,0.023529412,0.11529412,0.049411766,3.0
0.077419356,0.0856305,0.039882697,0.013489736,0.02404692,0.008797654,0.02404692,0.14134897,0.13372435,0.02228739,0.058651026,0.0457478,0.0,0.02111437,0.055718474,0.026392963,0.039882697,0.049853373,0.038709678,0.09325513,3.0
0.07166124,0.06840391,0.03257329,0.022801302,0.03257329,0.0130293155,0.042345278,0.09771987,0.084690556,0.045602605,0.08143322,0.078175895,0.0032573289,0.022801302,0.048859935,0.06840391,0.042345278,0.048859935,0.039087947,0.055374593,3.0
0.04784689,0.07416268,0.03827751,0.028708134,0.055023924,0.02631579,0.057416268,0.040669855,0.11004785,0.035885166,0.07416268,0.08133971,0.009569378,0.016746411,0.031100478,0.050239235,0.031100478,0.062200956,0.07655502,0.05263158,3.0
