,loss,accuracy,val_loss,val_accuracy,epoch
0,0.9315650463104248,0.566236674785614,0.000455738278105855,1.0,0
1,0.9168840646743774,0.5829500555992126,6.273566214076709e-06,1.0,1
2,0.9158953428268433,0.5835109353065491,2.2623406039201654e-05,1.0,2
3,0.916481077671051,0.5833987593650818,4.254197847330943e-05,1.0,3
4,0.9158618450164795,0.5836231112480164,8.800720934232231e-06,1.0,4
5,0.9158609509468079,0.5836231112480164,4.393015842651948e-06,1.0,5
6,0.9159052968025208,0.5835109353065491,0.0,1.0,6
7,0.5053266882896423,0.5820527076721191,0.0,1.0,7
8,0.45874303579330444,0.5833987593650818,0.0,1.0,8
9,0.4596273899078369,0.5833987593650818,9.337540518572496e-08,1.0,9
10,0.45744624733924866,0.5836231112480164,1.0808177819399134e-07,1.0,10
11,0.45754122734069824,0.5836231112480164,1.7359192838739546e-07,1.0,11
12,0.45744219422340393,0.5836231112480164,2.3225415191063803e-07,1.0,12
13,0.45743969082832336,0.5836231112480164,2.900592335208785e-07,1.0,13
14,0.45743873715400696,0.5836231112480164,3.4732755693767103e-07,1.0,14
15,0.45743831992149353,0.5836231112480164,4.0742818896433164e-07,1.0,15
16,0.4684624671936035,0.5836231112480164,3.693224789458327e-05,1.0,16
17,0.45758670568466187,0.5836231112480164,1.6579119188619984e-09,1.0,17
18,0.45808032155036926,0.5833987593650818,0.0,1.0,18
19,0.4597183167934418,0.5830622315406799,0.0,1.0,19
20,0.4588347375392914,0.5833987593650818,0.0,1.0,20
21,0.4574581980705261,0.5836231112480164,0.0,1.0,21
22,0.4574429988861084,0.5836231112480164,0.0,1.0,22
23,0.4574410021305084,0.5836231112480164,0.0,1.0,23
24,0.4574398100376129,0.5836231112480164,0.0,1.0,24
25,0.4574390649795532,0.5836231112480164,0.0,1.0,25
26,0.45743852853775024,0.5836231112480164,0.0,1.0,26
27,0.45743826031684875,0.5836231112480164,0.0,1.0,27
28,0.45743781328201294,0.5836231112480164,0.0,1.0,28
29,0.4574377238750458,0.5836231112480164,0.0,1.0,29
30,0.45743754506111145,0.5836231112480164,0.0,1.0,30
31,0.4574376046657562,0.5836231112480164,0.0,1.0,31
32,0.4574373662471771,0.5836231112480164,0.0,1.0,32
33,0.4574373960494995,0.5836231112480164,0.0,1.0,33
34,0.45837312936782837,0.5836231112480164,0.0,1.0,34
35,0.46115514636039734,0.5827257633209229,0.0,1.0,35
36,0.45932748913764954,0.5833987593650818,0.0,1.0,36
37,0.460252046585083,0.5831744074821472,0.0011860984377563,0.9995513558387756,37
38,0.457600474357605,0.5836231112480164,3.307936276542023e-05,1.0,38
39,0.4574376344680786,0.5836231112480164,2.3198535927804187e-05,1.0,39
40,0.4574374556541443,0.5836231112480164,1.805666215659585e-05,1.0,40
41,0.4574372172355652,0.5836231112480164,1.2944383342983201e-05,1.0,41
42,0.4574372172355652,0.5836231112480164,1.0303569069947116e-05,1.0,42
43,0.45743730664253235,0.5836231112480164,8.23281425255118e-06,1.0,43
44,0.4574371874332428,0.5836231112480164,6.745573045918718e-06,1.0,44
45,0.4574371576309204,0.5836231112480164,5.662396233674372e-06,1.0,45
46,0.45743706822395325,0.5836231112480164,4.849622655456187e-06,1.0,46
47,0.45743709802627563,0.5836231112480164,4.143757905694656e-06,1.0,47
48,0.457437127828598,0.5836231112480164,3.5735147321247496e-06,1.0,48
49,0.45743706822395325,0.5836231112480164,3.0626001716882456e-06,1.0,49
50,0.45743709802627563,0.5836231112480164,2.6468919713806827e-06,1.0,50
51,0.45743682980537415,0.5836231112480164,2.2879710286360933e-06,1.0,51
52,0.45743700861930847,0.5836231112480164,1.984000164156896e-06,1.0,52
53,0.4574369788169861,0.5836231112480164,1.7362775679430342e-06,1.0,53
54,0.4574369788169861,0.5836231112480164,1.522296429357084e-06,1.0,54
55,0.4574369788169861,0.5836231112480164,1.334668468189193e-06,1.0,55
56,0.4574369788169861,0.5836231112480164,1.1618828921200475e-06,1.0,56
57,0.4574368894100189,0.5836231112480164,1.0196496305070468e-06,1.0,57
58,0.45743685960769653,0.5836231112480164,8.903103321244998e-07,1.0,58
59,0.4574369490146637,0.5836231112480164,8.150023518282978e-07,1.0,59
60,0.45743703842163086,0.5836231112480164,6.804952477068582e-07,1.0,60
61,0.4574369788169861,0.5836231112480164,5.996601544211444e-07,1.0,61
62,0.45743685960769653,0.5836231112480164,5.292887408359093e-07,1.0,62
63,0.4574367105960846,0.5836231112480164,4.669258260037168e-07,1.0,63
64,0.4574369788169861,0.5836231112480164,4.1193280253537523e-07,1.0,64
65,0.4574369788169861,0.5836231112480164,3.6179847029416123e-07,1.0,65
66,0.45743703842163086,0.5836231112480164,3.207477732303232e-07,1.0,66
67,0.45743680000305176,0.5836231112480164,2.819394637754158e-07,1.0,67
68,0.4574369490146637,0.5836231112480164,2.5018570681822894e-07,1.0,68
69,0.45743700861930847,0.5836231112480164,2.205687223977293e-07,1.0,69
70,0.4574369788169861,0.5836231112480164,1.964035476476056e-07,1.0,70
71,0.4574369788169861,0.5836231112480164,1.7501766080840753e-07,1.0,71
72,0.4574369788169861,0.5836231112480164,1.543261731740131e-07,1.0,72
73,0.4574369490146637,0.5836231112480164,1.3561228229264088e-07,1.0,73
74,0.45743700861930847,0.5836231112480164,1.1946440281462856e-07,1.0,74
75,0.4574369192123413,0.5836231112480164,1.0529463878583556e-07,1.0,75
76,0.4574369192123413,0.5836231112480164,9.358423369576485e-08,1.0,76
77,0.457436740398407,0.5836231112480164,8.342436785824248e-08,1.0,77
78,0.4574369788169861,0.5836231112480164,7.379910016425129e-08,1.0,78
79,0.45743680000305176,0.5836231112480164,6.502926197526904e-08,1.0,79
80,0.45743685960769653,0.5836231112480164,5.743573083805131e-08,1.0,80
81,0.45743703842163086,0.5836231112480164,5.0858179889701205e-08,1.0,81
82,0.4574369788169861,0.5836231112480164,4.5029231898752187e-08,1.0,82
83,0.4574369490146637,0.5836231112480164,4.048369461884249e-08,1.0,83
84,0.4574369490146637,0.5836231112480164,3.5724198710340715e-08,1.0,84
85,0.4574369192123413,0.5836231112480164,3.139248150318963e-08,1.0,85
86,0.4574369788169861,0.5836231112480164,2.7809443636783726e-08,1.0,86
87,0.45743703842163086,0.5836231112480164,2.486812888946588e-08,1.0,87
88,0.4574369192123413,0.5836231112480164,2.1766359381558686e-08,1.0,88
89,0.4574368894100189,0.5836231112480164,1.930631476909639e-08,1.0,89
90,0.4574369192123413,0.5836231112480164,1.7488021697431577e-08,1.0,90
91,0.4574369788169861,0.5836231112480164,1.5616244297689263e-08,1.0,91
92,0.4574368894100189,0.5836231112480164,1.4011853899376092e-08,1.0,92
93,0.45743685960769653,0.5836231112480164,1.2353981837520678e-08,1.0,93
94,0.4574369788169861,0.5836231112480164,1.0963505658878603e-08,1.0,94
95,0.4574369490146637,0.5836231112480164,9.786944588086044e-09,1.0,95
96,0.45743682980537415,0.5836231112480164,8.82430217785668e-09,1.0,96
97,0.45743680000305176,0.5836231112480164,7.75469732872125e-09,1.0,97
98,0.45743682980537415,0.5836231112480164,6.899010696059804e-09,1.0,98
99,0.4574368894100189,0.5836231112480164,6.150286058215215e-09,1.0,99
